h_m60_t  113.382079646  56.943  1.99115044248
H_m60_t  113.382646941  56.714  1.99920031987
A_m60_t  258.919845222  1.15075486765  225.0
h_m60_t_scale_up  99.8491618448  50.1464679487  1.99115044248
H_m60_t_scale_up  99.8496614295  49.944800647  1.99920031987
A_m60_t_scale_up  228.112535002  1.0138334889  225.0
h_m60_t_scale_down  131.21173608  65.8974496756  1.99115044248
H_m60_t_scale_down  131.212392584  65.6324387703  1.99920031987
A_m60_t_scale_down  299.482778107  1.33103456936  225.0
h_m60_t_hdamp_up  113.419911504  56.962  1.99115044248
H_m60_t_hdamp_up  113.420631747  56.733  1.99920031987
A_m60_t_hdamp_up  259.009392859  1.15115285715  225.0
h_m60_t_hdamp_down  114.104621682  57.3058766668  1.99115044248
H_m60_t_hdamp_down  114.104358257  57.075  1.99920031987
A_m60_t_hdamp_down  260.575083113  1.1581114805  225.0
h_m60_b  7.83086474044  884.887715669  0.00884955752212
H_m60_b  7.8308651137  9792.49682468  0.000799680127949
A_m60_b  8.85337597526  1992.00959443  0.00444444444444
h_m60_b_scale_up  7.05755830138  797.504088056  0.00884955752212
H_m60_b_scale_up  7.05756034072  8825.47920607  0.000799680127949
A_m60_b_scale_up  7.93115675509  1784.5102699  0.00444444444444
h_m60_b_scale_down  8.98921542482  1015.78134301  0.00884955752212
H_m60_b_scale_down  8.98921363011  11241.0116445  0.000799680127949
A_m60_b_scale_down  10.277908762  2312.52947146  0.00444444444444
h_m60_b_hdamp_up  7.74198091649  874.843843563  0.00884955752212
H_m60_b_hdamp_up  7.74198124656  9681.34754882  0.000799680127949
A_m60_b_hdamp_up  8.75538134815  1969.96080333  0.00444444444444
h_m60_b_hdamp_down  8.67438241339  980.205212713  0.00884955752212
H_m60_b_hdamp_down  8.67438297596  10847.3159114  0.000799680127949
A_m60_b_hdamp_down  9.8130707884  2207.94092739  0.00444444444444
h_m60_i  -11.8703635244  89.4234052174  -0.132743362832
H_m60_i  -11.8703115657  -296.876492259  0.0399840063974
A_m60_i  -31.2913961032  -31.2913961032  1.0
h_m60_i_scale_up  -12.1239903954  91.3340609788  -0.132743362832
H_m60_i_scale_up  -12.1238902868  -303.218496072  0.0399840063974
A_m60_i_scale_up  -30.2269236403  -30.2269236403  1.0
h_m60_i_scale_down  -11.3973680777  85.8601728522  -0.132743362832
H_m60_i_scale_down  -11.3973457701  -285.047617711  0.0399840063974
A_m60_i_scale_down  -32.5107165136  -32.5107165136  1.0
h_m60_i_hdamp_up  -10.8612169184  81.8211674516  -0.132743362832
H_m60_i_hdamp_up  -10.8611646094  -271.637726881  0.0399840063974
A_m60_i_hdamp_up  -28.5063898218  -28.5063898218  1.0
h_m60_i_hdamp_down  -18.2756561167  137.676609412  -0.132743362832
H_m60_i_hdamp_down  -18.2756484315  -457.073967271  0.0399840063974
A_m60_i_hdamp_down  -48.1667180973  -48.1667180973  1.0
h_m80_t  70.3971238938  35.355  1.99115044248
H_m80_t  70.3958416634  35.212  1.99920031987
A_m80_t  161.621757558  0.71831892248  225.0
h_m80_t_scale_up  61.6161296151  30.94498954  1.99115044248
H_m80_t_scale_up  61.6150073238  30.8198266634  1.99920031987
A_m80_t_scale_up  141.532559185  0.629033596379  225.0
h_m80_t_scale_down  81.8609294474  41.1123779002  1.99115044248
H_m80_t_scale_down  81.8594384123  40.9460910938  1.99920031987
A_m80_t_scale_down  187.82562021  0.834780534269  225.0
h_m80_t_hdamp_up  70.6300884956  35.472  1.99115044248
H_m80_t_hdamp_up  70.6297481008  35.329  1.99920031987
A_m80_t_hdamp_up  162.14884531  0.720661534711  225.0
h_m80_t_hdamp_down  71.3369469027  35.827  1.99115044248
H_m80_t_hdamp_down  71.3354658137  35.682  1.99920031987
A_m80_t_hdamp_down  163.770489888  0.727868843946  225.0
h_m80_b  2.15611920441  243.641470099  0.00884955752212
H_m80_b  2.15611921203  2696.22707464  0.000799680127949
A_m80_b  2.39088037577  537.948084549  0.00444444444444
h_m80_b_scale_up  1.85883377889  210.048217015  0.00884955752212
H_m80_b_scale_up  1.85883357531  2324.47138592  0.000799680127949
A_m80_b_scale_up  2.03793446364  458.535254318  0.00444444444444
h_m80_b_scale_down  2.53902080789  286.909351291  0.00884955752212
H_m80_b_scale_down  2.53902109171  3175.04587518  0.000799680127949
A_m80_b_scale_down  2.8499180867  641.231569507  0.00444444444444
h_m80_b_hdamp_up  2.12782810406  240.444575759  0.00884955752212
H_m80_b_hdamp_up  2.12782814823  2660.84909936  0.000799680127949
A_m80_b_hdamp_up  2.35949763421  530.886967698  0.00444444444444
h_m80_b_hdamp_down  2.22751196541  251.708852092  0.00884955752212
H_m80_b_hdamp_down  2.22751210078  2785.50388203  0.000799680127949
A_m80_b_hdamp_down  2.46945673074  555.627764417  0.00444444444444
h_m80_i  -7.16638364382  53.9867567835  -0.132743362832
H_m80_i  -7.16632796086  -179.229862301  0.0399840063974
A_m80_i  -15.1671576493  -15.1671576493  1.0
h_m80_i_scale_up  -6.83133035791  51.4626886963  -0.132743362832
H_m80_i_scale_up  -6.83127747784  -170.850249721  0.0399840063974
A_m80_i_scale_up  -14.1152668363  -14.1152668363  1.0
h_m80_i_scale_down  -7.62897024408  57.4715758387  -0.132743362832
H_m80_i_scale_down  -7.62890018517  -190.798793631  0.0399840063974
A_m80_i_scale_down  -16.6149489775  -16.6149489775  1.0
h_m80_i_hdamp_up  -6.96578457963  52.4755771665  -0.132743362832
H_m80_i_hdamp_up  -6.96581105795  -174.214934559  0.0399840063974
A_m80_i_hdamp_up  -14.7271829998  -14.7271829998  1.0
h_m80_i_hdamp_down  -9.98225617809  75.1996632083  -0.132743362832
H_m80_i_hdamp_down  -9.98232052753  -249.657836393  0.0399840063974
A_m80_i_hdamp_down  -21.1271640538  -21.1271640538  1.0
h_m100_t  47.9488938053  24.081  1.99115044248
H_m100_t  47.9488204718  23.984  1.99920031987
A_m100_t  110.86333046  0.492725913157  225.0
h_m100_t_scale_up  41.8118709343  20.9988507359  1.99115044248
H_m100_t_scale_up  41.8118069868  20.9142658548  1.99920031987
A_m100_t_scale_up  96.722761035  0.429878937934  225.0
h_m100_t_scale_down  55.8807400311  28.0645494379  1.99115044248
H_m100_t_scale_down  55.8806545666  27.9515034142  1.99920031987
A_m100_t_scale_down  129.118838523  0.573861504546  225.0
h_m100_t_hdamp_up  47.9230088496  24.068  1.99115044248
H_m100_t_hdamp_up  47.9228308677  23.971  1.99920031987
A_m100_t_hdamp_up  110.799964045  0.492444284643  225.0
h_m100_t_hdamp_down  48.235619469  24.225  1.99115044248
H_m100_t_hdamp_down  48.2367053179  24.128  1.99920031987
A_m100_t_hdamp_down  111.518543441  0.495637970848  225.0
h_m100_b  0.764812780898  86.4238442415  0.00884955752212
H_m100_b  0.764812809939  956.398418829  0.000799680127949
A_m100_b  0.837884673819  188.524051609  0.00444444444444
h_m100_b_scale_up  0.664212744124  75.056040086  0.00884955752212
H_m100_b_scale_up  0.664212932733  830.598272383  0.000799680127949
A_m100_b_scale_up  0.721648065385  162.370814712  0.00444444444444
h_m100_b_scale_down  0.895602348097  101.203065335  0.00884955752212
H_m100_b_scale_down  0.895602198319  1119.950549  0.000799680127949
A_m100_b_scale_down  0.990974988316  222.969372371  0.00444444444444
h_m100_b_hdamp_up  0.75611457961  85.4409474959  0.00884955752212
H_m100_b_hdamp_up  0.756114608034  945.521317347  0.000799680127949
A_m100_b_hdamp_up  0.828832774982  186.487374371  0.00444444444444
h_m100_b_hdamp_down  0.786258386065  88.8471976253  0.00884955752212
H_m100_b_hdamp_down  0.786258506692  983.216262619  0.000799680127949
A_m100_b_hdamp_down  0.862164123054  193.986927687  0.00444444444444
h_m100_i  -4.34857484841  32.759263858  -0.132743362832
H_m100_i  -4.34854756797  -108.757174675  0.0399840063974
A_m100_i  -8.4561929711  -8.4561929711  1.0
h_m100_i_scale_up  -3.9845644015  30.0170518247  -0.132743362832
H_m100_i_scale_up  -3.98453804001  -99.6532963808  0.0399840063974
A_m100_i_scale_up  -7.63993133045  -7.63993133045  1.0
h_m100_i_scale_down  -4.80347174385  36.1861538037  -0.132743362832
H_m100_i_scale_down  -4.80344083798  -120.134055358  0.0399840063974
A_m100_i_scale_down  -9.5025823656  -9.5025823656  1.0
h_m100_i_hdamp_up  -4.23369480923  31.8938342296  -0.132743362832
H_m100_i_hdamp_up  -4.23375517887  -105.886217024  0.0399840063974
A_m100_i_hdamp_up  -8.2316079486  -8.2316079486  1.0
h_m100_i_hdamp_down  -5.93452555095  44.7067591505  -0.132743362832
H_m100_i_hdamp_down  -5.93452959307  -148.422585123  0.0399840063974
A_m100_i_hdamp_down  -11.5417422775  -11.5417422775  1.0
h_m120_t  34.6101769911  17.382  1.99115044248
H_m120_t  34.6101559376  17.312  1.99920031987
A_m120_t  80.7416504592  0.358851779819  225.0
h_m120_t_scale_up  30.0741128538  15.1038877888  1.99115044248
H_m120_t_scale_up  30.0740945596  15.0430620987  1.99920031987
A_m120_t_scale_up  70.1961898203  0.311983065868  225.0
h_m120_t_scale_down  40.42516115  20.3024142664  1.99115044248
H_m120_t_scale_down  40.4251365592  20.2206533069  1.99920031987
A_m120_t_scale_down  94.2449592818  0.418866485697  225.0
h_m120_t_hdamp_up  34.5623893805  17.358  1.99115044248
H_m120_t_hdamp_up  34.5621751299  17.288  1.99920031987
A_m120_t_hdamp_up  80.6325006825  0.3583666697  225.0
h_m120_t_hdamp_down  34.7575262278  17.4560020611  1.99115044248
H_m120_t_hdamp_down  34.7580967613  17.386  1.99920031987
A_m120_t_hdamp_down  81.0862976705  0.360383545202  225.0
h_m120_b  0.317894302832  35.92205622  0.00884955752212
H_m120_b  0.31789430938  397.52683388  0.000799680127949
A_m120_b  0.3455067969  77.7390293024  0.00444444444444
h_m120_b_scale_up  0.281642313847  31.8255814647  0.00884955752212
H_m120_b_scale_up  0.281642300353  352.193696592  0.000799680127949
A_m120_b_scale_up  0.304899789293  68.602452591  0.00444444444444
h_m120_b_scale_down  0.365661771004  41.3197801234  0.00884955752212
H_m120_b_scale_down  0.365661792614  457.260071664  0.000799680127949
A_m120_b_scale_down  0.399928355951  89.9838800891  0.00444444444444
h_m120_b_hdamp_up  0.315252637766  35.6235480676  0.00884955752212
H_m120_b_hdamp_up  0.315252630665  394.223414646  0.000799680127949
A_m120_b_hdamp_up  0.342790119205  77.1277768211  0.00444444444444
h_m120_b_hdamp_down  0.325528772148  36.7847512527  0.00884955752212
H_m120_b_hdamp_down  0.325528779966  407.073739347  0.000799680127949
A_m120_b_hdamp_down  0.354007991628  79.6517981164  0.00444444444444
h_m120_i  -2.70704391451  20.393064156  -0.132743362832
H_m120_i  -2.70711554706  -67.704959832  0.0399840063974
A_m120_i  -5.04374274008  -5.04374274008  1.0
h_m120_i_scale_up  -2.45551922253  18.4982448097  -0.132743362832
H_m120_i_scale_up  -2.45557957438  -61.4140451552  0.0399840063974
A_m120_i_scale_up  -4.51747946163  -4.51747946163  1.0
h_m120_i_scale_down  -3.02415700436  22.7819827662  -0.132743362832
H_m120_i_scale_down  -3.02424408026  -75.6363444474  0.0399840063974
A_m120_i_scale_down  -5.70658087776  -5.70658087776  1.0
h_m120_i_hdamp_up  -2.65056436655  19.9675848947  -0.132743362832
H_m120_i_hdamp_up  -2.65064901544  -66.2927318762  0.0399840063974
A_m120_i_hdamp_up  -4.93624826953  -4.93624826953  1.0
h_m120_i_hdamp_down  -3.62619000653  27.3172980492  -0.132743362832
H_m120_i_hdamp_down  -3.62624699281  -90.6924372902  0.0399840063974
A_m120_i_hdamp_down  -6.75688403576  -6.75688403576  1.0
h_m125_t  32.1311946903  16.137  1.99115044248
H_m125_t  32.131147541  16.072  1.99920031987
A_m125_t  75.1568285999  0.334030349333  225.0
h_m125_t_scale_up  27.9071947688  14.0156133728  1.99115044248
H_m125_t_scale_up  27.9071538179  13.9591583397  1.99920031987
A_m125_t_scale_up  65.31021026  0.290267601156  225.0
h_m125_t_scale_down  37.5370324819  18.8519318687  1.99115044248
H_m125_t_scale_down  37.5369774001  18.7759960955  1.99920031987
A_m125_t_scale_down  87.7431055661  0.389969358072  225.0
h_m125_t_hdamp_up  32.1232300885  16.133  1.99115044248
H_m125_t_hdamp_up  32.1231507397  16.068  1.99920031987
A_m125_t_hdamp_up  75.1319970974  0.3339199871  225.0
h_m125_t_hdamp_down  32.2984513274  16.221  1.99115044248
H_m125_t_hdamp_down  32.2970811676  16.155  1.99920031987
A_m125_t_hdamp_down  75.5417447202  0.335741087645  225.0
h_m125_b  0.261400076117  29.5382086012  0.00884955752212
H_m125_b  0.26140007391  326.880792424  0.000799680127949
A_m125_b  0.283787107966  63.8520992923  0.00444444444444
h_m125_b_scale_up  0.22804728229  25.7693428988  0.00884955752212
H_m125_b_scale_up  0.22804730382  285.173153427  0.000799680127949
A_m125_b_scale_up  0.246211723439  55.3976377737  0.00444444444444
h_m125_b_scale_down  0.303402161394  34.2844442375  0.00884955752212
H_m125_b_scale_down  0.303402126868  379.404359648  0.000799680127949
A_m125_b_scale_down  0.331632183846  74.6172413654  0.00444444444444
h_m125_b_hdamp_up  0.258487977839  29.2091414959  0.00884955752212
H_m125_b_hdamp_up  0.25848797684  323.239215039  0.000799680127949
A_m125_b_hdamp_up  0.280587957852  63.1322905168  0.00444444444444
h_m125_b_hdamp_down  0.265324955082  29.9817199243  0.00884955752212
H_m125_b_hdamp_down  0.265324951099  331.78885135  0.000799680127949
A_m125_b_hdamp_down  0.28791200593  64.7802013342  0.00444444444444
h_m125_i  -2.3945371148  18.0388462648  -0.132743362832
H_m125_i  -2.39450253013  -59.8865082785  0.0399840063974
A_m125_i  -4.43113045849  -4.43113045849  1.0
h_m125_i_scale_up  -2.18902236614  16.4906351582  -0.132743362832
H_m125_i_scale_up  -2.18899528122  -54.7467719832  0.0399840063974
A_m125_i_scale_up  -4.00820673245  -4.00820673245  1.0
h_m125_i_scale_down  -2.66539706715  20.0793245726  -0.132743362832
H_m125_i_scale_down  -2.66535251207  -66.6604663269  0.0399840063974
A_m125_i_scale_down  -4.99159803027  -4.99159803027  1.0
h_m125_i_hdamp_up  -2.35701913745  17.7562108354  -0.132743362832
H_m125_i_hdamp_up  -2.35705523598  -58.9499514518  0.0399840063974
A_m125_i_hdamp_up  -4.35971272814  -4.35971272814  1.0
h_m125_i_hdamp_down  -3.04973421228  22.9746643992  -0.132743362832
H_m125_i_hdamp_down  -3.04976756449  -76.2746867878  0.0399840063974
A_m125_i_hdamp_down  -5.64394859928  -5.64394859928  1.0
h_m130_t  29.9267646552  15.0298862491  1.99115044248
H_m130_t  29.9260295882  14.969  1.99920031987
A_m130_t  70.1871320951  0.311942809311  225.0
h_m130_t_scale_up  25.979752679  13.0476091232  1.99115044248
H_m130_t_scale_up  25.9791146564  12.9947531511  1.99920031987
A_m130_t_scale_up  60.9608080959  0.270936924871  225.0
h_m130_t_scale_down  34.9650303235  17.5602152291  1.99115044248
H_m130_t_scale_down  34.9641712776  17.489078473  1.99920031987
A_m130_t_scale_down  81.9499643055  0.36422206358  225.0
h_m130_t_hdamp_up  29.8971238938  15.015  1.99115044248
H_m130_t_hdamp_up  29.8960415834  14.954  1.99920031987
A_m130_t_hdamp_up  70.1182963068  0.311636872475  225.0
h_m130_t_hdamp_down  30.0723451327  15.103  1.99115044248
H_m130_t_hdamp_down  30.0719712115  15.042  1.99920031987
A_m130_t_hdamp_down  70.5321954371  0.313476424165  225.0
h_m130_b  0.215337815063  24.3331731022  0.00884955752212
H_m130_b  0.215337803617  269.279923423  0.000799680127949
A_m130_b  0.233364068206  52.5069153464  0.00444444444444
h_m130_b_scale_up  0.188048015404  21.2494257406  0.00884955752212
H_m130_b_scale_up  0.188048004849  235.154030064  0.000799680127949
A_m130_b_scale_up  0.202643966352  45.5948924292  0.00444444444444
h_m130_b_scale_down  0.250034757737  28.2539276243  0.00884955752212
H_m130_b_scale_down  0.250034751248  312.668456436  0.000799680127949
A_m130_b_scale_down  0.272907762992  61.4042466733  0.00444444444444
h_m130_b_hdamp_up  0.213659801269  24.1435575434  0.00884955752212
H_m130_b_hdamp_up  0.213659810847  267.181593465  0.000799680127949
A_m130_b_hdamp_up  0.231576609992  52.1047372481  0.00444444444444
h_m130_b_hdamp_down  0.219706312198  24.8268132784  0.00884955752212
H_m130_b_hdamp_down  0.219706319186  274.742752142  0.000799680127949
A_m130_b_hdamp_down  0.238061295418  53.563791469  0.00444444444444
h_m130_i  -2.16236342413  16.2898044618  -0.132743362832
H_m130_i  -2.16237189748  -54.0809211559  0.0399840063974
A_m130_i  -3.97421114892  -3.97421114892  1.0
h_m130_i_scale_up  -1.94493359017  14.651833046  -0.132743362832
H_m130_i_scale_up  -1.94494036004  -48.6429584045  0.0399840063974
A_m130_i_scale_up  -3.54390829628  -3.54390829628  1.0
h_m130_i_scale_down  -2.43706973534  18.3592586729  -0.132743362832
H_m130_i_scale_down  -2.43708080954  -60.9513910465  0.0399840063974
A_m130_i_scale_down  -4.5253572698  -4.5253572698  1.0
h_m130_i_hdamp_up  -2.12148675087  15.9818668566  -0.132743362832
H_m130_i_hdamp_up  -2.12154426237  -53.0598220019  0.0399840063974
A_m130_i_hdamp_up  -3.89789940291  -3.89789940291  1.0
h_m130_i_hdamp_down  -2.78292080284  20.9646700481  -0.132743362832
H_m130_i_hdamp_down  -2.7828797332  -69.5998221272  0.0399840063974
A_m130_i_hdamp_down  -5.11386906294  -5.11386906294  1.0
h_m140_t  26.1099557522  13.113  1.99115044248
H_m140_t  26.1095561775  13.06  1.99920031987
A_m140_t  61.597796768  0.273767985636  225.0
h_m140_t_scale_up  22.6338960363  11.3672455649  1.99115044248
H_m140_t_scale_up  22.6335496576  11.3213015388  1.99920031987
A_m140_t_scale_up  53.4281943805  0.237458641691  225.0
h_m140_t_scale_down  30.532779857  15.3342405504  1.99115044248
H_m140_t_scale_down  30.5323125975  15.2722627613  1.99920031987
A_m140_t_scale_down  71.9783985106  0.31990399338  225.0
h_m140_t_hdamp_up  26.1119469027  13.114  1.99115044248
H_m140_t_hdamp_up  26.1135545782  13.062  1.99920031987
A_m140_t_hdamp_up  61.6060167696  0.273804518976  225.0
h_m140_t_hdamp_down  26.2194690265  13.168  1.99115044248
H_m140_t_hdamp_down  26.2195121951  13.115  1.99920031987
A_m140_t_hdamp_down  61.8546837051  0.274909705356  225.0
h_m140_b  0.149663503006  16.9119758396  0.00884955752212
H_m140_b  0.149663502862  187.154210329  0.000799680127949
A_m140_b  0.161750234555  36.3938027749  0.00444444444444
h_m140_b_scale_up  0.131847746589  14.8987953646  0.00884955752212
H_m140_b_scale_up  0.131847773825  164.875641168  0.000799680127949
A_m140_b_scale_up  0.141902079808  31.9279679568  0.00444444444444
h_m140_b_scale_down  0.172851983528  19.5322741387  0.00884955752212
H_m140_b_scale_down  0.17285195887  216.151374567  0.000799680127949
A_m140_b_scale_down  0.187978814101  42.2952331727  0.00444444444444
h_m140_b_hdamp_up  0.148146990152  16.7406098872  0.00884955752212
H_m140_b_hdamp_up  0.148146993469  185.257815333  0.000799680127949
A_m140_b_hdamp_up  0.160110245193  36.0248051685  0.00444444444444
h_m140_b_hdamp_down  0.152472782234  17.2294243924  0.00884955752212
H_m140_b_hdamp_down  0.152472784987  190.667217627  0.000799680127949
A_m140_b_hdamp_down  0.164884011057  37.0989024878  0.00444444444444
h_m140_i  -1.74159840079  13.1200412859  -0.132743362832
H_m140_i  -1.74155264833  -43.5562317348  0.0399840063974
A_m140_i  -3.1676085887  -3.1676085887  1.0
h_m140_i_scale_up  -1.59477907911  12.014002396  -0.132743362832
H_m140_i_scale_up  -1.59473847352  -39.8844092227  0.0399840063974
A_m140_i_scale_up  -2.87251418081  -2.87251418081  1.0
h_m140_i_scale_down  -1.94397845183  14.6446376704  -0.132743362832
H_m140_i_scale_down  -1.9439257659  -48.6175834052  0.0399840063974
A_m140_i_scale_down  -3.57309597258  -3.57309597258  1.0
h_m140_i_hdamp_up  -1.71316428178  12.9058375894  -0.132743362832
H_m140_i_hdamp_up  -1.71315928411  -42.8461136956  0.0399840063974
A_m140_i_hdamp_up  -3.1164890629  -3.1164890629  1.0
h_m140_i_hdamp_down  -2.16943054373  16.3430434294  -0.132743362832
H_m140_i_hdamp_down  -2.16949075629  -54.2589638147  0.0399840063974
A_m140_i_hdamp_down  -3.94556301878  -3.94556301878  1.0
h_m160_t  20.4550884956  10.273  1.99115044248
H_m160_t  20.4538184726  10.231  1.99920031987
A_m160_t  48.9195555099  0.217420246711  225.0
h_m160_t_scale_up  17.693061101  8.88584846404  1.99115044248
H_m160_t_scale_up  17.6919625678  8.84951967639  1.99920031987
A_m160_t_scale_up  42.3394194191  0.188175197418  225.0
h_m160_t_scale_down  23.9485924999  12.0275153444  1.99115044248
H_m160_t_scale_down  23.947105571  11.9783422066  1.99920031987
A_m160_t_scale_down  57.229972452  0.25435543312  225.0
h_m160_t_hdamp_up  20.4311877406  10.2609965097  1.99115044248
H_m160_t_hdamp_up  20.4298280688  10.219  1.99920031987
A_m160_t_hdamp_up  48.8626328656  0.217167257181  225.0
h_m160_t_hdamp_down  20.4949115044  10.293  1.99115044248
H_m160_t_hdamp_down  20.4958016793  10.252  1.99920031987
A_m160_t_hdamp_down  49.0183640133  0.217859395615  225.0
h_m160_b  0.0765790972078  8.65343798448  0.00884955752212
H_m160_b  0.0765791020581  95.7621671236  0.000799680127949
A_m160_b  0.0823864984565  18.5369621527  0.00444444444444
h_m160_b_scale_up  0.0663954264719  7.50268319133  0.00884955752212
H_m160_b_scale_up  0.0663954149318  83.0274663722  0.000799680127949
A_m160_b_scale_up  0.0710576578694  15.9879730206  0.00444444444444
h_m160_b_scale_down  0.0893703453445  10.0988490239  0.00884955752212
H_m160_b_scale_down  0.0893703709689  111.757648897  0.000799680127949
A_m160_b_scale_down  0.0967758279834  21.7745612963  0.00444444444444
h_m160_b_hdamp_up  0.075945644492  8.5818578276  0.00884955752212
H_m160_b_hdamp_up  0.0759456498334  94.9700351167  0.000799680127949
A_m160_b_hdamp_up  0.0817198520498  18.3869667112  0.00444444444444
h_m160_b_hdamp_down  0.0778404221516  8.79596770313  0.00884955752212
H_m160_b_hdamp_down  0.077840423794  97.3394499544  0.000799680127949
A_m160_b_hdamp_down  0.0837409511934  18.8417140185  0.00444444444444
h_m160_i  -1.17296276547  8.83631949989  -0.132743362832
H_m160_i  -1.17290388639  -29.3343261986  0.0399840063974
A_m160_i  -2.10533925816  -2.10533925816  1.0
h_m160_i_scale_up  -0.996363920697  7.50594153591  -0.132743362832
H_m160_i_scale_up  -0.996314701565  -24.9178306862  0.0399840063974
A_m160_i_scale_up  -1.78375724428  -1.78375724428  1.0
h_m160_i_scale_down  -1.40247933322  10.5653443102  -0.132743362832
H_m160_i_scale_down  -1.40240842124  -35.0742346153  0.0399840063974
A_m160_i_scale_down  -2.52535298855  -2.52535298855  1.0
h_m160_i_hdamp_up  -1.15797681007  8.72342530253  -0.132743362832
H_m160_i_hdamp_up  -1.15794984603  -28.9603256493  0.0399840063974
A_m160_i_hdamp_up  -2.07834447791  -2.07834447791  1.0
h_m160_i_hdamp_down  -1.446238283  10.8949950653  -0.132743362832
H_m160_i_hdamp_down  -1.44620490692  -36.169584722  0.0399840063974
A_m160_i_hdamp_down  -2.59435638261  -2.59435638261  1.0
h_m180_t  16.4522787611  8.2627  1.99115044248
H_m180_t  16.4522191124  8.2294  1.99920031987
A_m180_t  40.0129297705  0.177835243424  225.0
h_m180_t_scale_up  14.2125025631  7.13783462059  1.99115044248
H_m180_t_scale_up  14.2124510349  7.10906800764  1.99920031987
A_m180_t_scale_up  34.5880201946  0.153724534198  225.0
h_m180_t_scale_down  19.2654696272  9.67554696831  1.99115044248
H_m180_t_scale_down  19.2653997791  9.6365529695  1.99920031987
A_m180_t_scale_down  46.8159653486  0.208070957105  225.0
h_m180_t_hdamp_up  16.4492920354  8.2612  1.99115044248
H_m180_t_hdamp_up  16.4494202319  8.228  1.99920031987
A_m180_t_hdamp_up  40.0042836348  0.177796816154  225.0
h_m180_t_hdamp_down  16.500862783  8.28709997544  1.99115044248
H_m180_t_hdamp_down  16.5007996801  8.2537  1.99920031987
A_m180_t_hdamp_down  40.1324014579  0.178366228702  225.0
h_m180_b  0.0420515083703  4.75182044584  0.00884955752212
H_m180_b  0.0420515097763  52.5854129753  0.000799680127949
A_m180_b  0.0450813279219  10.1432987824  0.00444444444444
h_m180_b_scale_up  0.0366120239896  4.13715871082  0.00884955752212
H_m180_b_scale_up  0.0366120228071  45.7833345203  0.000799680127949
A_m180_b_scale_up  0.0390905298009  8.79536920521  0.00444444444444
h_m180_b_scale_down  0.0488611626277  5.52131137693  0.00884955752212
H_m180_b_scale_down  0.0488611672576  61.1008896557  0.000799680127949
A_m180_b_scale_down  0.0526708951267  11.8509514035  0.00444444444444
h_m180_b_hdamp_up  0.0417820688504  4.72137378009  0.00884955752212
H_m180_b_hdamp_up  0.0417820694983  52.2484779076  0.000799680127949
A_m180_b_hdamp_up  0.0447960953836  10.0791214613  0.00444444444444
h_m180_b_hdamp_down  0.0425408319243  4.80711400744  0.00884955752212
H_m180_b_hdamp_down  0.042540831577  53.197309887  0.000799680127949
A_m180_b_hdamp_down  0.0456103772565  10.2623348827  0.00444444444444
h_m180_i  -0.820870739284  6.18389290261  -0.132743362832
H_m180_i  -0.8208638087  -20.5298038556  0.0399840063974
A_m180_i  -1.46333598938  -1.46333598938  1.0
h_m180_i_scale_up  -0.686290168205  5.17005260048  -0.132743362832
H_m180_i_scale_up  -0.686284385544  -17.1639724824  0.0399840063974
A_m180_i_scale_up  -1.22307434554  -1.22307434554  1.0
h_m180_i_scale_down  -0.999312029878  7.52815062508  -0.132743362832
H_m180_i_scale_down  -0.999303711425  -24.9925858227  0.0399840063974
A_m180_i_scale_down  -1.78215375  -1.78215375  1.0
h_m180_i_hdamp_up  -0.813826759566  6.1308282554  -0.132743362832
H_m180_i_hdamp_up  -0.813827879428  -20.3538352645  0.0399840063974
A_m180_i_hdamp_up  -1.45014540436  -1.45014540436  1.0
h_m180_i_hdamp_down  -0.955404517351  7.19738069738  -0.132743362832
H_m180_i_hdamp_down  -0.955407764967  -23.8947482018  0.0399840063974
A_m180_i_hdamp_down  -1.7033006088  -1.7033006088  1.0
h_m200_t  13.5892035398  6.8248  1.99115044248
H_m200_t  13.5891643343  6.7973  1.99920031987
A_m200_t  33.7309461148  0.149915316066  225.0
h_m200_t_scale_up  11.7199259978  5.88600727889  1.99115044248
H_m200_t_scale_up  11.7198921852  5.86229007103  1.99920031987
A_m200_t_scale_up  29.1100190112  0.129377862272  225.0
h_m200_t_scale_down  15.9257288661  7.99825494164  1.99115044248
H_m200_t_scale_down  15.9256829195  7.96602659635  1.99920031987
A_m200_t_scale_down  39.4969365764  0.17554194034  225.0
h_m200_t_hdamp_up  13.5953761062  6.8279  1.99115044248
H_m200_t_hdamp_up  13.5953618553  6.8004  1.99920031987
A_m200_t_hdamp_up  33.7490586168  0.149995816074  225.0
h_m200_t_hdamp_down  13.6156858407  6.8381  1.99115044248
H_m200_t_hdamp_down  13.6157536985  6.8106  1.99920031987
A_m200_t_hdamp_down  33.797478301  0.150211014671  225.0
h_m200_b  0.0243995931349  2.75715402424  0.00884955752212
H_m200_b  0.0243995919762  30.5116897662  0.000799680127949
A_m200_b  0.026077666882  5.86747504844  0.00444444444444
h_m200_b_scale_up  0.0213692525808  2.41472554162  0.00884955752212
H_m200_b_scale_up  0.0213692546591  26.7222529513  0.000799680127949
A_m200_b_scale_up  0.0227722065281  5.12374646883  0.00444444444444
h_m200_b_scale_down  0.0282024934666  3.18688176173  0.00884955752212
H_m200_b_scale_down  0.0282024895004  35.2672131202  0.000799680127949
A_m200_b_scale_down  0.0302755829909  6.81200617295  0.00444444444444
h_m200_b_hdamp_up  0.0242597471788  2.74135143121  0.00884955752212
H_m200_b_hdamp_up  0.0242597480663  30.3368149569  0.000799680127949
A_m200_b_hdamp_up  0.0259287578058  5.83397050629  0.00444444444444
h_m200_b_hdamp_down  0.0246631750064  2.78693877573  0.00884955752212
H_m200_b_hdamp_down  0.0246631761351  30.8413017569  0.000799680127949
A_m200_b_hdamp_down  0.0263631223141  5.93170252067  0.00444444444444
h_m200_i  -0.591350187072  4.45483807594  -0.132743362832
H_m200_i  -0.591343857569  -14.7895098778  0.0399840063974
A_m200_i  -1.05304033508  -1.05304033508  1.0
h_m200_i_scale_up  -0.500446262402  3.7700285101  -0.132743362832
H_m200_i_scale_up  -0.500441071976  -12.5160312101  0.0399840063974
A_m200_i_scale_up  -0.890466143344  -0.890466143344  1.0
h_m200_i_scale_down  -0.714358817632  5.38150309283  -0.132743362832
H_m200_i_scale_down  -0.714351194882  -17.865923384  0.0399840063974
A_m200_i_scale_down  -1.27246229164  -1.27246229164  1.0
h_m200_i_hdamp_up  -0.583846902816  4.39831333455  -0.132743362832
H_m200_i_hdamp_up  -0.583841086107  -14.6018655635  0.0399840063974
A_m200_i_hdamp_up  -1.03975170958  -1.03975170958  1.0
h_m200_i_hdamp_down  -0.683403453595  5.14830601708  -0.132743362832
H_m200_i_hdamp_down  -0.683405892007  -17.0919813591  0.0399840063974
A_m200_i_hdamp_down  -1.21688885303  -1.21688885303  1.0
h_m250_t  9.26462389381  4.6529  1.99115044248
H_m250_t  9.26469412235  4.6342  1.99920031987
A_m250_t  24.7974989027  0.110211106234  225.0
h_m250_t_scale_up  7.96740651795  4.00140860679  1.99115044248
H_m250_t_scale_up  7.96746691321  3.98532694999  1.99920031987
A_m250_t_scale_up  21.3393150063  0.0948414000281  225.0
h_m250_t_scale_down  10.8671530338  5.45772574585  1.99115044248
H_m250_t_scale_down  10.86723541  5.43579115206  1.99920031987
A_m250_t_scale_down  29.0617209322  0.129163204143  225.0
h_m250_t_hdamp_up  9.26940265487  4.6553  1.99115044248
H_m250_t_hdamp_up  9.26949220312  4.6366  1.99920031987
A_m250_t_hdamp_up  24.8127345805  0.110278820358  225.0
h_m250_t_hdamp_down  9.26840707964  4.6548  1.99115044248
H_m250_t_hdamp_down  9.26829268292  4.636  1.99920031987
A_m250_t_hdamp_down  24.8072844858  0.110254597715  225.0
h_m250_b  0.00747120003796  0.84424560429  0.00884955752212
H_m250_b  0.00747119917775  9.34273457177  0.000799680127949
A_m250_b  0.00793894075393  1.78626166963  0.00444444444444
h_m250_b_scale_up  0.0064542246301  0.729327383202  0.00884955752212
H_m250_b_scale_up  0.00645422345337  8.07100642844  0.000799680127949
A_m250_b_scale_up  0.00683489647931  1.53785170784  0.00444444444444
h_m250_b_scale_down  0.00872037496931  0.985402371532  0.00884955752212
H_m250_b_scale_down  0.00872037461129  10.9048284514  0.000799680127949
A_m250_b_scale_down  0.00930880513566  2.09448115552  0.00444444444444
h_m250_b_hdamp_up  0.00745050472111  0.841907033485  0.00884955752212
H_m250_b_hdamp_up  0.00745050378771  9.31685498653  0.000799680127949
A_m250_b_hdamp_up  0.00791659576489  1.7812340471  0.00444444444444
h_m250_b_hdamp_down  0.00754805596282  0.852930323799  0.00884955752212
H_m250_b_hdamp_down  0.00754805525461  9.43884309589  0.000799680127949
A_m250_b_hdamp_down  0.00801975314875  1.80444445847  0.00444444444444
h_m250_i  -0.291169166698  2.19347438913  -0.132743362832
H_m250_i  -0.29116712444  -7.28208978225  0.0399840063974
A_m250_i  -0.528238804069  -0.528238804069  1.0
h_m250_i_scale_up  -0.247914600077  1.86762332058  -0.132743362832
H_m250_i_scale_up  -0.247912853018  -6.20030045398  0.0399840063974
A_m250_i_scale_up  -0.45014386845  -0.45014386845  1.0
h_m250_i_scale_down  -0.345377150249  2.60184119854  -0.132743362832
H_m250_i_scale_down  -0.345374742284  -8.63782230452  0.0399840063974
A_m250_i_scale_down  -0.626098295218  -0.626098295218  1.0
h_m250_i_hdamp_up  -0.288920122632  2.17653159049  -0.132743362832
H_m250_i_hdamp_up  -0.28891837139  -7.22584846845  0.0399840063974
A_m250_i_hdamp_up  -0.523749506137  -0.523749506137  1.0
h_m250_i_hdamp_down  -0.317698395994  2.39332791649  -0.132743362832
H_m250_i_hdamp_down  -0.31770499196  -7.94580184893  0.0399840063974
A_m250_i_hdamp_down  -0.57643261514  -0.57643261514  1.0
h_m300_t  7.23504424779  3.6336  1.99115044248
H_m300_t  7.23490603759  3.6189  1.99920031987
A_m300_t  22.5135030612  0.100060013605  225.0
h_m300_t_scale_up  6.20635504469  3.11696942244  1.99115044248
H_m300_t_scale_up  6.20623648542  3.10435949  1.99920031987
A_m300_t_scale_up  19.334830165  0.085932578511  225.0
h_m300_t_scale_down  8.49448033063  4.26611678827  1.99115044248
H_m300_t_scale_down  8.49431806157  4.2488578944  1.99920031987
A_m300_t_scale_down  26.3921286741  0.117298349663  225.0
h_m300_t_hdamp_up  7.23444690266  3.6333  1.99115044248
H_m300_t_hdamp_up  7.23450619752  3.6187  1.99920031987
A_m300_t_hdamp_up  22.5132948985  0.100059088438  225.0
h_m300_t_hdamp_down  7.23663716814  3.6344  1.99115044248
H_m300_t_hdamp_down  7.23670531787  3.6198  1.99920031987
A_m300_t_hdamp_down  22.5187351387  0.100083267283  225.0
h_m300_b  0.00276442278784  0.312379775026  0.00884955752212
H_m300_b  0.0027644227814  3.45691068814  0.000799680127949
A_m300_b  0.00292540069637  0.658215156684  0.00444444444444
h_m300_b_scale_up  0.0023705496585  0.267872111411  0.00884955752212
H_m300_b_scale_up  0.00237054958106  2.96437225111  0.000799680127949
A_m300_b_scale_up  0.00250095601758  0.562715103956  0.00444444444444
h_m300_b_scale_down  0.00324533090208  0.366722391935  0.00884955752212
H_m300_b_scale_down  0.00324533101356  4.05828643245  0.000799680127949
A_m300_b_scale_down  0.00344795886427  0.775790744461  0.00444444444444
h_m300_b_hdamp_up  0.00275930651508  0.311801636204  0.00884955752212
H_m300_b_hdamp_up  0.00275930654145  3.45051283009  0.000799680127949
A_m300_b_hdamp_up  0.00291953962366  0.656896415324  0.00444444444444
h_m300_b_hdamp_down  0.00278836783062  0.315085564861  0.00884955752212
H_m300_b_hdamp_down  0.00278836791859  3.48685408219  0.000799680127949
A_m300_b_hdamp_down  0.00295068228401  0.663903513903  0.00444444444444
h_m300_i  -0.164574427147  1.23979401784  -0.132743362832
H_m300_i  -0.164570198149  -4.1159006557  0.0399840063974
A_m300_i  -0.31863054725  -0.31863054725  1.0
h_m300_i_scale_up  -0.141233923303  1.06396222222  -0.132743362832
H_m300_i_scale_up  -0.141230304044  -3.53216990414  0.0399840063974
A_m300_i_scale_up  -0.274055217754  -0.274055217754  1.0
h_m300_i_scale_down  -0.192848755254  1.45279395625  -0.132743362832
H_m300_i_scale_down  -0.192843779875  -4.82302293467  0.0399840063974
A_m300_i_scale_down  -0.372350766184  -0.372350766184  1.0
h_m300_i_hdamp_up  -0.164111636944  1.23630766498  -0.132743362832
H_m300_i_hdamp_up  -0.164112994667  -4.10446599661  0.0399840063974
A_m300_i_hdamp_up  -0.317666083917  -0.317666083917  1.0
h_m300_i_hdamp_down  -0.172921894994  1.30267827562  -0.132743362832
H_m300_i_hdamp_down  -0.172923168138  -4.32480843512  0.0399840063974
A_m300_i_hdamp_down  -0.334692414529  -0.334692414529  1.0
h_m350_t  7.51083860469  3.7721100548  1.99115044248
H_m350_t  7.51099560176  3.757  1.99920031987
A_m350_t  43.3096979459  0.192487546426  225.0
h_m350_t_scale_up  6.41959611413  3.22406382621  1.99115044248
H_m350_t_scale_up  6.41973034332  3.21114911773  1.99920031987
A_m350_t_scale_up  37.1212903151  0.164983512512  225.0
h_m350_t_scale_down  8.84146667698  4.44038104222  1.99115044248
H_m350_t_scale_down  8.84165141462  4.42259403759  1.99920031987
A_m350_t_scale_down  50.792739361  0.225745508271  225.0
h_m350_t_hdamp_up  7.50823008849  3.7708  1.99115044248
H_m350_t_hdamp_up  7.50819672131  3.7556  1.99920031987
A_m350_t_hdamp_up  43.2904367225  0.192401940989  225.0
h_m350_t_hdamp_down  7.51221238938  3.7728  1.99115044248
H_m350_t_hdamp_down  7.51219512195  3.7576  1.99920031987
A_m350_t_hdamp_down  43.3038986749  0.192461771888  225.0
h_m350_b  0.00116636929125  0.131799729912  0.00884955752212
H_m350_b  0.00116636930017  1.45854480986  0.000799680127949
A_m350_b  0.00123015065096  0.276783896467  0.00444444444444
h_m350_b_scale_up  0.000994752048492  0.11240698148  0.00884955752212
H_m350_b_scale_up  0.000994752090485  1.24393748915  0.000799680127949
A_m350_b_scale_up  0.00104656365436  0.23547682223  0.00444444444444
h_m350_b_scale_down  0.00137699903027  0.155600890421  0.00884955752212
H_m350_b_scale_down  0.00137699897906  1.72193722332  0.000799680127949
A_m350_b_scale_down  0.0014570186333  0.327829192493  0.00444444444444
h_m350_b_hdamp_up  0.00116593734976  0.131750920523  0.00884955752212
H_m350_b_hdamp_up  0.0011659373794  1.45800469293  0.000799680127949
A_m350_b_hdamp_up  0.00122958271298  0.27665611042  0.00444444444444
h_m350_b_hdamp_down  0.00117269397439  0.132514419106  0.00884955752212
H_m350_b_hdamp_down  0.00117269390395  1.46645372689  0.000799680127949
A_m350_b_hdamp_down  0.00123665553241  0.278247494793  0.00444444444444
h_m350_i  -0.111401909239  0.839227716263  -0.132743362832
H_m350_i  -0.111405294222  -2.78624640849  0.0399840063974
A_m350_i  -0.18555474224  -0.18555474224  1.0
h_m350_i_scale_up  -0.0953107176675  0.718007406428  -0.132743362832
H_m350_i_scale_up  -0.0953136006561  -2.38379315241  0.0399840063974
A_m350_i_scale_up  -0.154883560569  -0.154883560569  1.0
h_m350_i_scale_down  -0.131574378427  0.991193650817  -0.132743362832
H_m350_i_scale_down  -0.131578372415  -3.2907750941  0.0399840063974
A_m350_i_scale_down  -0.226851340861  -0.226851340861  1.0
h_m350_i_hdamp_up  -0.110995846509  0.836168710366  -0.132743362832
H_m350_i_hdamp_up  -0.110992515908  -2.77592282286  0.0399840063974
A_m350_i_hdamp_up  -0.184955150303  -0.184955150303  1.0
h_m350_i_hdamp_down  -0.115440662459  0.869652990527  -0.132743362832
H_m350_i_hdamp_down  -0.115444750278  -2.88727320446  0.0399840063974
A_m350_i_hdamp_down  -0.192563222156  -0.192563222156  1.0
h_m400_t  6.84955752213  3.44  1.99115044248
H_m400_t  6.84946021591  3.4261  1.99920031987
A_m400_t  19.8754213251  0.0883352058891  225.0
h_m400_t_scale_up  5.87172669337  2.94891162822  1.99115044248
H_m400_t_scale_up  5.87164327842  2.93699596787  1.99920031987
A_m400_t_scale_up  17.0151519276  0.0756228974559  225.0
h_m400_t_scale_down  8.0189186747  4.02727915663  1.99115044248
H_m400_t_scale_down  8.01880475631  4.01100613911  1.99920031987
A_m400_t_scale_down  23.310889616  0.103603953849  225.0
h_m400_t_hdamp_up  6.84756637168  3.439  1.99115044248
H_m400_t_hdamp_up  6.84746101559  3.4251  1.99920031987
A_m400_t_hdamp_up  19.8696433613  0.08830952605  225.0
h_m400_t_hdamp_down  6.85314159292  3.4418  1.99115044248
H_m400_t_hdamp_down  6.85325869652  3.428  1.99920031987
A_m400_t_hdamp_down  19.8856848277  0.0883808214565  225.0
h_m400_b  0.00054378112485  0.0614472671081  0.00884955752212
H_m400_b  0.000543781122311  0.67999829345  0.000799680127949
A_m400_b  0.000571997709048  0.128699484536  0.00444444444444
h_m400_b_scale_up  0.000464668591783  0.0525075508715  0.00884955752212
H_m400_b_scale_up  0.00046466857128  0.581068048385  0.000799680127949
A_m400_b_scale_up  0.000487518982938  0.109691771161  0.00444444444444
h_m400_b_scale_down  0.000639072212155  0.0722151599735  0.00884955752212
H_m400_b_scale_down  0.000639072234384  0.799159829098  0.000799680127949
A_m400_b_scale_down  0.000674505031641  0.151763632119  0.00444444444444
h_m400_b_hdamp_up  0.000543716379832  0.0614399509211  0.00884955752212
H_m400_b_hdamp_up  0.000543716376458  0.67991732876  0.000799680127949
A_m400_b_hdamp_up  0.000571939897696  0.128686476982  0.00444444444444
h_m400_b_hdamp_down  0.000546998516857  0.0618108324049  0.00884955752212
H_m400_b_hdamp_down  0.000546998518192  0.684021646999  0.000799680127949
A_m400_b_hdamp_down  0.000575377769117  0.129459998051  0.00444444444444
h_m400_i  -0.0460938544069  0.347240369865  -0.132743362832
H_m400_i  -0.0460901623471  -1.1527149603  0.0399840063974
A_m400_i  0.00321963477458  0.00321963477458  1.0
h_m400_i_scale_up  -0.0370100499404  0.278809042884  -0.132743362832
H_m400_i_scale_up  -0.0370068874854  -0.925542256009  0.0399840063974
A_m400_i_scale_up  0.0100368657755  0.0100368657755  1.0
h_m400_i_scale_down  -0.058826476112  0.443159453377  -0.132743362832
H_m400_i_scale_down  -0.0588221489881  -1.47114194619  0.0399840063974
A_m400_i_scale_down  -0.0100678265228  -0.0100678265228  1.0
h_m400_i_hdamp_up  -0.0456409379419  0.343828399162  -0.132743362832
H_m400_i_hdamp_up  -0.0456360607574  -1.14135787954  0.0399840063974
A_m400_i_hdamp_up  0.00343722133569  0.00343722133569  1.0
h_m400_i_hdamp_down  -0.0504253759102  0.37987116519  -0.132743362832
H_m400_i_hdamp_down  -0.0504273649175  -1.26118839659  0.0399840063974
A_m400_i_hdamp_down  0.00338591711724  0.00338591711724  1.0
h_m450_t  4.82416142759  2.42280107252  1.99115044248
H_m450_t  4.82427029188  2.4131  1.99920031987
A_m450_t  10.6058477603  0.047137101157  225.0
h_m450_t_scale_up  4.13930010963  2.0788484995  1.99115044248
H_m450_t_scale_up  4.13939350869  2.07052463305  1.99920031987
A_m450_t_scale_up  9.08254968715  0.0403668874985  225.0
h_m450_t_scale_down  5.63267787948  2.82885600169  1.99115044248
H_m450_t_scale_down  5.63280501034  2.81752906617  1.99920031987
A_m450_t_scale_down  12.4162387037  0.0551832831277  225.0
h_m450_t_hdamp_up  4.82376106195  2.4226  1.99115044248
H_m450_t_hdamp_up  4.82367053179  2.4128  1.99920031987
A_m450_t_hdamp_up  10.6035242693  0.04712677453  225.0
h_m450_t_hdamp_down  4.82734513275  2.4244  1.99115044248
H_m450_t_hdamp_down  4.82726909236  2.4146  1.99920031987
A_m450_t_hdamp_down  10.6126557257  0.047167358781  225.0
h_m450_b  0.000273372437272  0.0308910854118  0.00884955752212
H_m450_b  0.000273372436296  0.341852231588  0.000799680127949
A_m450_b  0.000286932627534  0.0645598411951  0.00444444444444
h_m450_b_scale_up  0.000235150372613  0.0265719921052  0.00884955752212
H_m450_b_scale_up  0.000235150371828  0.294055539971  0.000799680127949
A_m450_b_scale_up  0.000246268586585  0.0554104319817  0.00444444444444
h_m450_b_scale_down  0.00031826960981  0.0359644659086  0.00884955752212
H_m450_b_scale_down  0.000318269608016  0.397996144824  0.000799680127949
A_m450_b_scale_down  0.000335079308526  0.0753928444184  0.00444444444444
h_m450_b_hdamp_up  0.000273196493548  0.0308712037709  0.00884955752212
H_m450_b_hdamp_up  0.000273196494881  0.341632216849  0.000799680127949
A_m450_b_hdamp_up  0.000286766068048  0.0645223653107  0.00444444444444
h_m450_b_hdamp_down  0.00027447198232  0.0310153340021  0.00884955752212
H_m450_b_hdamp_down  0.000274471974256  0.343227203808  0.000799680127949
A_m450_b_hdamp_down  0.000288077800096  0.0648175050216  0.00444444444444
h_m450_i  -0.0131740707473  0.099244666296  -0.132743362832
H_m450_i  -0.0131780404167  -0.32958279082  0.0399840063974
A_m450_i  0.0230979039988  0.0230979039988  1.0
h_m450_i_scale_up  -0.0106637276094  0.0803334146576  -0.132743362832
H_m450_i_scale_up  -0.0106671543411  -0.266785530072  0.0399840063974
A_m450_i_scale_up  0.021574625768  0.021574625768  1.0
h_m450_i_scale_down  -0.0174821919984  0.131699179721  -0.132743362832
H_m450_i_scale_down  -0.0174868477482  -0.437346062182  0.0399840063974
A_m450_i_scale_down  0.0223218028688  0.0223218028688  1.0
h_m450_i_hdamp_up  -0.0129507351026  0.0975622044395  -0.132743362832
H_m450_i_hdamp_up  -0.012947592151  -0.323819279698  0.0399840063974
A_m450_i_hdamp_up  0.0229714142753  0.0229714142753  1.0
h_m450_i_hdamp_down  -0.0153725607897  0.115806624616  -0.132743362832
H_m450_i_hdamp_down  -0.0153687426234  -0.384372253011  0.0399840063974
A_m450_i_hdamp_down  0.0272592539104  0.0272592539104  1.0
h_m500_t  3.2139159292  1.6141  1.99115044248
H_m500_t  3.21391443423  1.6076  1.99920031987
A_m500_t  6.02114802898  0.0267606579066  225.0
h_m500_t_scale_up  2.75889073782  1.38557623721  1.99115044248
H_m500_t_scale_up  2.7588894545  1.37999650514  1.99920031987
A_m500_t_scale_up  5.15824315419  0.0229255251297  225.0
h_m500_t_scale_down  3.74520504288  1.88092519931  1.99115044248
H_m500_t_scale_down  3.74520330077  1.87335069104  1.99920031987
A_m500_t_scale_down  7.03608559555  0.0312714915358  225.0
h_m500_t_hdamp_up  3.21351769912  1.6139  1.99115044248
H_m500_t_hdamp_up  3.21351459416  1.6074  1.99920031987
A_m500_t_hdamp_up  6.01996260913  0.0267553893739  225.0
h_m500_t_hdamp_down  3.21451327434  1.6144  1.99115044248
H_m500_t_hdamp_down  3.21451419432  1.6079  1.99920031987
A_m500_t_hdamp_down  6.02121083936  0.0267609370638  225.0
h_m500_b  0.000146119529928  0.0165115068819  0.00884955752212
H_m500_b  0.000146119534912  0.182722478407  0.000799680127949
A_m500_b  0.000153107089857  0.0344490952177  0.00444444444444
h_m500_b_scale_up  0.000125715522347  0.0142058540253  0.00884955752212
H_m500_b_scale_up  0.000125715527472  0.157207267104  0.000799680127949
A_m500_b_scale_up  0.000131447524422  0.029575692995  0.00444444444444
h_m500_b_scale_down  0.000169764792754  0.0191834215812  0.00884955752212
H_m500_b_scale_down  0.000169764796734  0.212290878315  0.000799680127949
A_m500_b_scale_down  0.000178408087791  0.0401418197529  0.00444444444444
h_m500_b_hdamp_up  0.000146060844291  0.0165048754049  0.00884955752212
H_m500_b_hdamp_up  0.000146060847066  0.182649089256  0.000799680127949
A_m500_b_hdamp_up  0.000153046498513  0.0344354621654  0.00444444444444
h_m500_b_hdamp_down  0.000146804012182  0.0165888533766  0.00884955752212
H_m500_b_hdamp_down  0.000146804021883  0.183578429365  0.000799680127949
A_m500_b_hdamp_down  0.000153812953739  0.0346079145912  0.00444444444444
h_m500_i  -0.00109558536428  0.00825340974426  -0.132743362832
H_m500_i  -0.00110134553276  -0.0275446517744  0.0399840063974
A_m500_i  0.0209121060383  0.0209121060383  1.0
h_m500_i_scale_up  -0.00101719576406  0.00766287475591  -0.132743362832
H_m500_i_scale_up  -0.00102213259615  -0.0255635362297  0.0399840063974
A_m500_i_scale_up  0.0182282003542  0.0182282003542  1.0
h_m500_i_scale_down  -0.00162176569178  0.0122173015447  -0.132743362832
H_m500_i_scale_down  -0.00162843403421  -0.0407271351957  0.0399840063974
A_m500_i_scale_down  0.0234078786088  0.0234078786088  1.0
h_m500_i_hdamp_up  -0.000995498858955  0.00749942473746  -0.132743362832
H_m500_i_hdamp_up  -0.000999016553296  -0.0249854039979  0.0399840063974
A_m500_i_hdamp_up  0.0202474463641  0.0202474463641  1.0
h_m500_i_hdamp_down  -0.00144003685543  0.0108482776443  -0.132743362832
H_m500_i_hdamp_down  -0.00144290769174  -0.0360871213703  0.0399840063974
A_m500_i_hdamp_down  0.0280324479274  0.0280324479274  1.0
h_m600_t  1.40754424779  0.7069  1.99115044248
H_m600_t  1.40753698521  0.70405  1.99920031987
A_m600_t  2.20778714781  0.00981238732361  225.0
h_m600_t_scale_up  1.20736142619  0.606363738487  1.99115044248
H_m600_t_scale_up  1.2073551965  0.60391906929  1.99920031987
A_m600_t_scale_up  1.89016417923  0.00840072968546  225.0
h_m600_t_scale_down  1.63792237061  0.822601012796  1.99115044248
H_m600_t_scale_down  1.63791391933  0.819284542451  1.99920031987
A_m600_t_scale_down  2.57604125443  0.0114490722419  225.0
h_m600_t_hdamp_up  1.40732522124  0.70679  1.99115044248
H_m600_t_hdamp_up  1.40733706517  0.70395  1.99920031987
A_m600_t_hdamp_up  2.20739522456  0.0098106454425  225.0
h_m600_t_hdamp_down  1.40778318584  0.70702  1.99115044248
H_m600_t_hdamp_down  1.40777688924  0.70417  1.99920031987
A_m600_t_hdamp_down  2.20810840539  0.00981381513507  225.0
h_m600_b  4.81214768996e-05  0.00543772688965  0.00884955752212
H_m600_b  4.81214773069e-05  0.0601759073723  0.000799680127949
A_m600_b  5.02710862479e-05  0.0113109944058  0.00444444444444
h_m600_b_scale_up  4.15483692396e-05  0.00469496572407  0.00884955752212
H_m600_b_scale_up  4.15483685426e-05  0.0519562348625  0.000799680127949
A_m600_b_scale_up  4.33267289155e-05  0.00974851400598  0.00444444444444
h_m600_b_scale_down  5.55075539072e-05  0.00627235359151  0.00884955752212
H_m600_b_scale_down  5.55075557926e-05  0.0694121985187  0.000799680127949
A_m600_b_scale_down  5.81355138126e-05  0.0130804906078  0.00444444444444
h_m600_b_hdamp_up  4.8039894653e-05  0.00542850809579  0.00884955752212
H_m600_b_hdamp_up  4.80398963052e-05  0.0600738903297  0.000799680127949
A_m600_b_hdamp_up  5.01866873078e-05  0.0112920046443  0.00444444444444
h_m600_b_hdamp_down  4.81956010551e-05  0.00544610291922  0.00884955752212
H_m600_b_hdamp_down  4.81956019705e-05  0.0602686002641  0.000799680127949
A_m600_b_hdamp_down  5.0345966077e-05  0.0113278423673  0.00444444444444
h_m600_i  0.00607314156481  -0.0457509997883  -0.132743362832
H_m600_i  0.00607813284232  0.152014102386  0.0399840063974
A_m600_i  0.0191642349878  0.0191642349878  1.0
h_m600_i_scale_up  0.00389220143786  -0.0293212508319  -0.132743362832
H_m600_i_scale_up  0.00389647646414  0.0974508763682  0.0399840063974
A_m600_i_scale_up  0.0149221454008  0.0149221454008  1.0
h_m600_i_scale_down  0.00921108228723  -0.0693901532305  -0.132743362832
H_m600_i_scale_down  0.00921691876555  0.230515138326  0.0399840063974
A_m600_i_scale_down  0.0247616264004  0.0247616264004  1.0
h_m600_i_hdamp_up  0.00402062932522  -0.0302887409167  -0.132743362832
H_m600_i_hdamp_up  0.00402019440388  0.100545062041  0.0399840063974
A_m600_i_hdamp_up  0.0125882230923  0.0125882230923  1.0
h_m600_i_hdamp_down  0.00934657905038  -0.0704108955129  -0.132743362832
H_m600_i_hdamp_down  0.00934093908551  0.233616886529  0.0399840063974
A_m600_i_hdamp_down  0.0293637801737  0.0293637801737  1.0
h_m700_t  0.644097345133  0.32348  1.99115044248
H_m700_t  0.644102359056  0.32218  1.99920031987
A_m700_t  0.918384818962  0.0040817103065  225.0
h_m700_t_scale_up  0.551997406674  0.277225364241  1.99115044248
H_m700_t_scale_up  0.552001703653  0.276111252167  1.99920031987
A_m700_t_scale_up  0.785759113861  0.00349226272827  225.0
h_m700_t_scale_down  0.748847953908  0.376088083518  1.99115044248
H_m700_t_scale_down  0.748853783255  0.374576662384  1.99920031987
A_m700_t_scale_down  1.07024978711  0.00475666572049  225.0
h_m700_t_hdamp_up  0.644037610619  0.32345  1.99115044248
H_m700_t_hdamp_up  0.644042383047  0.32215  1.99920031987
A_m700_t_hdamp_up  0.918333373264  0.00408148165895  225.0
h_m700_t_hdamp_down  0.644117256637  0.32349  1.99115044248
H_m700_t_hdamp_down  0.644122351059  0.32219  1.99920031987
A_m700_t_hdamp_down  0.918399205855  0.00408177424824  225.0
h_m700_b  1.82247915425e-05  0.0020594014443  0.00884955752212
H_m700_b  1.82247906444e-05  0.0227901007009  0.000799680127949
A_m700_b  1.89972273182e-05  0.0042743761466  0.00444444444444
h_m700_b_scale_up  1.57326990138e-05  0.00177779498855  0.00884955752212
H_m700_b_scale_up  1.57326980806e-05  0.0196737389498  0.000799680127949
A_m700_b_scale_up  1.6373029437e-05  0.00368393162333  0.00444444444444
h_m700_b_scale_down  2.09727008994e-05  0.00236991520163  0.00884955752212
H_m700_b_scale_down  2.09727001703e-05  0.026226361563  0.000799680127949
A_m700_b_scale_down  2.19123693818e-05  0.00493028311091  0.00444444444444
h_m700_b_hdamp_up  1.82202108235e-05  0.00205888382305  0.00884955752212
H_m700_b_hdamp_up  1.82202112787e-05  0.022784374204  0.000799680127949
A_m700_b_hdamp_up  1.89918847081e-05  0.00427317405932  0.00444444444444
h_m700_b_hdamp_down  1.82712198482e-05  0.00206464784284  0.00884955752212
H_m700_b_hdamp_down  1.82712206848e-05  0.0228481614663  0.000799680127949
A_m700_b_hdamp_down  1.9043613674e-05  0.00428481307666  0.00444444444444
h_m700_i  0.00243118197263  -0.0183149041938  -0.132743362832
H_m700_i  0.00243121572167  0.0608047051989  0.0399840063974
A_m700_i  0.00499421675242  0.00499421675242  1.0
h_m700_i_scale_up  0.00213789041808  -0.0161054411495  -0.132743362832
H_m700_i_scale_up  0.00213791985957  0.0534693756878  0.0399840063974
A_m700_i_scale_up  0.00435352773233  0.00435352773233  1.0
h_m700_i_scale_down  0.00266443264095  -0.0200720592285  -0.132743362832
H_m700_i_scale_down  0.00266447114596  0.0666384233604  0.0399840063974
A_m700_i_scale_down  0.00561605148382  0.00561605148382  1.0
h_m700_i_hdamp_up  0.00237731745989  -0.0179091248645  -0.132743362832
H_m700_i_hdamp_up  0.00237769450895  0.0594661396689  0.0399840063974
A_m700_i_hdamp_up  0.00488193925224  0.00488193925224  1.0
h_m700_i_hdamp_down  0.00304752655569  -0.0229580333862  -0.132743362832
H_m700_i_hdamp_down  0.00304700275648  0.0762055389396  0.0399840063974
A_m700_i_hdamp_down  0.00624890561916  0.00624890561916  1.0
h_m800_t  0.311635060488  0.156510052601  1.99115044248
H_m800_t  0.311635345862  0.15588  1.99920031987
A_m800_t  0.419020558906  0.00186231359514  225.0
h_m800_t_scale_up  0.266775625261  0.133980647354  1.99115044248
H_m800_t_scale_up  0.266775874429  0.133441292389  1.99920031987
A_m800_t_scale_up  0.358173674401  0.00159188299734  225.0
h_m800_t_scale_down  0.36221179509  0.181910812645  1.99115044248
H_m800_t_scale_down  0.362212117687  0.181178501267  1.99920031987
A_m800_t_scale_down  0.488051945841  0.00216911975929  225.0
h_m800_t_hdamp_up  0.311674778761  0.15653  1.99115044248
H_m800_t_hdamp_up  0.311675329868  0.1559  1.99920031987
A_m800_t_hdamp_up  0.418995258083  0.00186220114703  225.0
h_m800_t_hdamp_down  0.311634955752  0.15651  1.99115044248
H_m800_t_hdamp_down  0.311635345862  0.15588  1.99920031987
A_m800_t_hdamp_down  0.418968491167  0.00186208218297  225.0
h_m800_b  7.67624501244e-06  0.000867415686406  0.00884955752212
H_m800_b  7.67624561931e-06  0.00959914514695  0.000799680127949
A_m800_b  7.98666673522e-06  0.00179700001542  0.00444444444444
h_m800_b_scale_up  6.62738848819e-06  0.000748894899165  0.00884955752212
H_m800_b_scale_up  6.62738903385e-06  0.00828754998683  0.000799680127949
A_m800_b_scale_up  6.88526537017e-06  0.00154918470829  0.00444444444444
h_m800_b_scale_down  8.8142001603e-06  0.000996004618114  0.00884955752212
H_m800_b_scale_down  8.81420081644e-06  0.011022158121  0.000799680127949
A_m800_b_scale_down  9.19023911255e-06  0.00206780380032  0.00444444444444
h_m800_b_hdamp_up  7.67703518441e-06  0.000867504975839  0.00884955752212
H_m800_b_hdamp_up  7.67703572806e-06  0.00960013317795  0.000799680127949
A_m800_b_hdamp_up  7.9872945598e-06  0.00179714127596  0.00444444444444
h_m800_b_hdamp_down  7.69301588048e-06  0.000869310794494  0.00884955752212
H_m800_b_hdamp_down  7.69301550525e-06  0.00962011588932  0.000799680127949
A_m800_b_hdamp_down  8.00372233061e-06  0.00180083752439  0.00444444444444
h_m800_i  0.00139655557801  -0.0105207186876  -0.132743362832
H_m800_i  0.00139622616881  0.0349196164819  0.0399840063974
A_m800_i  0.00237539202814  0.00237539202814  1.0
h_m800_i_scale_up  0.00125396755962  -0.00944655561581  -0.132743362832
H_m800_i_scale_up  0.00125368518666  0.0313546665183  0.0399840063974
A_m800_i_scale_up  0.00209234094842  0.00209234094842  1.0
h_m800_i_scale_down  0.00151167079189  -0.0113879199656  -0.132743362832
H_m800_i_scale_down  0.00151128861087  0.0377973281577  0.0399840063974
A_m800_i_scale_down  0.00264842889689  0.00264842889689  1.0
h_m800_i_hdamp_up  0.00139368428046  -0.0104990882462  -0.132743362832
H_m800_i_hdamp_up  0.0013940279859  0.0348646399274  0.0399840063974
A_m800_i_hdamp_up  0.00237153196205  0.00237153196205  1.0
h_m800_i_hdamp_down  0.00144424763516  -0.0108799988516  -0.132743362832
H_m800_i_hdamp_down  0.0014440869472  0.0361166145495  0.0399840063974
A_m800_i_hdamp_down  0.00245935321669  0.00245935321669  1.0
h_m900_t  0.158800221239  0.079753  1.99115044248
H_m900_t  0.158800479808  0.079432  1.99920031987
A_m900_t  0.205263950194  0.000912284223084  225.0
h_m900_t_scale_up  0.135784798014  0.0681941430028  1.99115044248
H_m900_t_scale_up  0.135785019108  0.0679196665579  1.99920031987
A_m900_t_scale_up  0.175284702152  0.000779043120675  225.0
h_m900_t_scale_down  0.184554784509  0.092687513998  1.99115044248
H_m900_t_scale_down  0.184555085014  0.0923144535238  1.99920031987
A_m900_t_scale_down  0.239002885909  0.00106223504848  225.0
h_m900_t_hdamp_up  0.158794244164  0.07974999818  1.99115044248
H_m900_t_hdamp_up  0.158792483007  0.079428  1.99920031987
A_m900_t_hdamp_up  0.205253664578  0.000912238509235  225.0
h_m900_t_hdamp_down  0.158784292035  0.079745  1.99115044248
H_m900_t_hdamp_down  0.158784486206  0.079424  1.99920031987
A_m900_t_hdamp_down  0.205233524168  0.0009121489963  225.0
h_m900_b  3.51072034633e-06  0.000396711399135  0.00884955752212
H_m900_b  3.51072027796e-06  0.00439015570759  0.000799680127949
A_m900_b  3.64707214361e-06  0.000820591232312  0.00444444444444
h_m900_b_scale_up  3.02977783767e-06  0.000342364895657  0.00884955752212
H_m900_b_scale_up  3.02977778471e-06  0.00378873711978  0.000799680127949
A_m900_b_scale_up  3.14316080854e-06  0.000707211181922  0.00444444444444
h_m900_b_scale_down  4.02594451709e-06  0.000454931730432  0.00884955752212
H_m900_b_scale_down  4.02594442605e-06  0.00503444350478  0.000799680127949
A_m900_b_scale_down  4.19067284267e-06  0.0009429013896  0.00444444444444
h_m900_b_hdamp_up  3.51191345324e-06  0.000396846220216  0.00884955752212
H_m900_b_hdamp_up  3.51191338743e-06  0.00439164769098  0.000799680127949
A_m900_b_hdamp_up  3.64813449672e-06  0.000820830261763  0.00444444444444
h_m900_b_hdamp_down  3.51176309814e-06  0.00039682923009  0.00884955752212
H_m900_b_hdamp_down  3.51176312294e-06  0.00439145978524  0.000799680127949
A_m900_b_hdamp_down  3.64802327923e-06  0.000820805237826  0.00444444444444
h_m900_i  0.000786561442402  -0.00592542953276  -0.132743362832
H_m900_i  0.000786553772751  0.0196717098565  0.0399840063974
A_m900_i  0.00120175773939  0.00120175773939  1.0
h_m900_i_scale_up  0.000683465143723  -0.00514877074938  -0.132743362832
H_m900_i_scale_up  0.000683458547828  0.0170932982812  0.0399840063974
A_m900_i_scale_up  0.00103899384071  0.00103899384071  1.0
h_m900_i_scale_down  0.000892688059326  -0.00672491671359  -0.132743362832
H_m900_i_scale_down  0.00089267923628  0.0223259076994  0.0399840063974
A_m900_i_scale_down  0.00137433555384  0.00137433555384  1.0
h_m900_i_hdamp_up  0.00078624065533  -0.00592301293682  -0.132743362832
H_m900_i_hdamp_up  0.000786237286502  0.0196637945354  0.0399840063974
A_m900_i_hdamp_up  0.00120108618921  0.00120108618921  1.0
h_m900_i_hdamp_down  0.000798739681663  -0.00601717226853  -0.132743362832
H_m900_i_hdamp_down  0.000798740781066  0.0199765069345  0.0399840063974
A_m900_i_hdamp_down  0.00121885566184  0.00121885566184  1.0
h_m1000_t  0.0846597345133  0.042518  1.99115044248
H_m1000_t  0.0846601359456  0.042347  1.99920031987
A_m1000_t  0.106395219484  0.000472867642153  225.0
h_m1000_t_scale_up  0.0722928917861  0.0363070967637  1.99115044248
H_m1000_t_scale_up  0.0722932345784  0.0361610759361  1.99920031987
A_m1000_t_scale_up  0.0907478193651  0.000403323641622  225.0
h_m1000_t_scale_down  0.0984212260979  0.0494293268847  1.99115044248
H_m1000_t_scale_down  0.0984216927834  0.0492305307302  1.99920031987
A_m1000_t_scale_down  0.123897374166  0.000550654996292  225.0
h_m1000_t_hdamp_up  0.0846517699115  0.042514  1.99115044248
H_m1000_t_hdamp_up  0.0846521391443  0.042343  1.99920031987
A_m1000_t_hdamp_up  0.10637784728  0.000472790432354  225.0
h_m1000_t_hdamp_down  0.0846537610619  0.042515  1.99115044248
H_m1000_t_hdamp_down  0.0846541383447  0.042344  1.99920031987
A_m1000_t_hdamp_down  0.106389123513  0.000472840548945  225.0
h_m1000_b  1.71300243258e-06  0.000193569274881  0.00884955752212
H_m1000_b  1.71300245944e-06  0.00214210957553  0.000799680127949
A_m1000_b  1.77726506604e-06  0.000399884639858  0.00444444444444
h_m1000_b_scale_up  1.47692946946e-06  0.000166893030048  0.00884955752212
H_m1000_b_scale_up  1.47692948963e-06  0.00184690032679  0.000799680127949
A_m1000_b_scale_up  1.5303816628e-06  0.00034433587413  0.00444444444444
h_m1000_b_scale_down  1.96379133759e-06  0.000221908421148  0.00884955752212
H_m1000_b_scale_down  1.96379137457e-06  0.00245572111389  0.000799680127949
A_m1000_b_scale_down  2.04129946307e-06  0.000459292379192  0.00444444444444
h_m1000_b_hdamp_up  1.71284035681e-06  0.00019355096032  0.00884955752212
H_m1000_b_hdamp_up  1.7128404094e-06  0.00214190693195  0.000799680127949
A_m1000_b_hdamp_up  1.77703172151e-06  0.00039983213734  0.00444444444444
h_m1000_b_hdamp_down  1.71402202247e-06  0.00019368448854  0.00884955752212
H_m1000_b_hdamp_down  1.71402205427e-06  0.00214338457886  0.000799680127949
A_m1000_b_hdamp_down  1.77843199933e-06  0.00040014719985  0.00444444444444
h_m1000_i  0.000445034937641  -0.00335259653023  -0.132743362832
H_m1000_i  0.000444998548388  0.0111294136952  0.0399840063974
A_m1000_i  0.000633712620337  0.000633712620337  1.0
h_m1000_i_scale_up  0.000380625327787  -0.00286737746933  -0.132743362832
H_m1000_i_scale_up  0.000380594257006  0.00951866236772  0.0399840063974
A_m1000_i_scale_up  0.00054202640513  0.00054202640513  1.0
h_m1000_i_scale_down  0.00051620746323  -0.00388876288967  -0.132743362832
H_m1000_i_scale_down  0.000516165153037  0.0129092904775  0.0399840063974
A_m1000_i_scale_down  0.000735000713527  0.000735000713527  1.0
h_m1000_i_hdamp_up  0.000444946934847  -0.00335193357585  -0.132743362832
H_m1000_i_hdamp_up  0.000444939931071  0.0111279476761  0.0399840063974
A_m1000_i_hdamp_up  0.000633661183152  0.000633661183152  1.0
h_m1000_i_hdamp_down  0.000444920756506  -0.00335173636568  -0.132743362832
H_m1000_i_hdamp_down  0.000444947400283  0.0111281344811  0.0399840063974
A_m1000_i_hdamp_down  0.00063369552377  0.00063369552377  1.0
h_m1200_t  0.0269123893805  0.013516  1.99115044248
H_m1200_t  0.0269132347061  0.013462  1.99920031987
A_m1200_t  0.0325885094269  0.000144837819675  225.0
h_m1200_t_scale_up  0.0229308562457  0.0115163855812  1.99115044248
H_m1200_t_scale_up  0.0229315765102  0.0114703745704  1.99920031987
A_m1200_t_scale_up  0.0277409334945  0.000123293037753  225.0
h_m1200_t_scale_down  0.0312991265007  0.0157191168648  1.99115044248
H_m1200_t_scale_down  0.031300109615  0.0156563148294  1.99920031987
A_m1200_t_scale_down  0.0379528198288  0.000168679199239  225.0
h_m1200_t_hdamp_up  0.0269103982301  0.013515  1.99115044248
H_m1200_t_hdamp_up  0.0269112355058  0.013461  1.99920031987
A_m1200_t_hdamp_up  0.0325894661915  0.000144842071962  225.0
h_m1200_t_hdamp_down  0.0269163716814  0.013518  1.99115044248
H_m1200_t_hdamp_down  0.0269152339064  0.013463  1.99920031987
A_m1200_t_hdamp_down  0.0325966674692  0.000144874077641  225.0
h_m1200_b  4.74265285118e-07  5.35919772183e-05  0.00884955752212
H_m1200_b  4.74265273026e-07  0.000593068723919  0.000799680127949
A_m1200_b  4.90992717634e-07  0.000110473361468  0.00444444444444
h_m1200_b_scale_up  4.08213845849e-07  4.61281645809e-05  0.00884955752212
H_m1200_b_scale_up  4.08213835078e-07  0.000510471400765  0.000799680127949
A_m1200_b_scale_up  4.2215475753e-07  9.49848204443e-05  0.00444444444444
h_m1200_b_scale_down  5.4341144658e-07  6.14054934636e-05  0.00884955752212
H_m1200_b_scale_down  5.43411433441e-07  0.000679535997518  0.000799680127949
A_m1200_b_scale_down  5.6348649268e-07  0.000126784460853  0.00444444444444
h_m1200_b_hdamp_up  4.74115546204e-07  5.3575056721e-05  0.00884955752212
H_m1200_b_hdamp_up  4.741155493e-07  0.0005928814944  0.000799680127949
A_m1200_b_hdamp_up  4.90838329689e-07  0.00011043862418  0.00444444444444
h_m1200_b_hdamp_down  4.747453841e-07  5.36462284033e-05  0.00884955752212
H_m1200_b_hdamp_down  4.74745395885e-07  0.000593669117554  0.000799680127949
A_m1200_b_hdamp_down  4.91508191231e-07  0.000110589343027  0.00444444444444
h_m1200_i  0.000150261479366  -0.00113196981123  -0.132743362832
H_m1200_i  0.000150279194803  0.00375848266202  0.0399840063974
A_m1200_i  0.000196515808411  0.000196515808411  1.0
h_m1200_i_scale_up  0.000128292548395  -0.00096647053124  -0.132743362832
H_m1200_i_scale_up  0.000128307630678  0.00320897384327  0.0399840063974
A_m1200_i_scale_up  0.000167755054745  0.000167755054745  1.0
h_m1200_i_scale_down  0.000174235122221  -0.00131257125406  -0.132743362832
H_m1200_i_scale_down  0.000174255748782  0.00435813627703  0.0399840063974
A_m1200_i_scale_down  0.000227927604449  0.000227927604449  1.0
h_m1200_i_hdamp_up  0.000150355534322  -0.00113267835856  -0.132743362832
H_m1200_i_hdamp_up  0.000150303224293  0.00375908363957  0.0399840063974
A_m1200_i_hdamp_up  0.000196536906208  0.000196536906208  1.0
h_m1200_i_hdamp_down  0.000150276734523  -0.00113208473341  -0.132743362832
H_m1200_i_hdamp_down  0.00015029436707  0.00375886212042  0.0399840063974
A_m1200_i_hdamp_down  0.000196547227097  0.000196547227097  1.0
h_m1400_t  0.00962502212389  0.0048339  1.99115044248
H_m1400_t  0.00962495001999  0.0048144  1.99920031987
A_m1400_t  0.0113876926053  5.06119671347e-05  225.0
h_m1400_t_scale_up  0.00817940603579  0.00410787947575  1.99115044248
H_m1400_t_scale_up  0.00817934476143  0.00409130824967  1.99920031987
A_m1400_t_scale_up  0.00966947682452  4.29754525534e-05  225.0
h_m1400_t_scale_down  0.0112091009116  0.00562945956895  1.99115044248
H_m1400_t_scale_down  0.0112090169409  0.00560675027385  1.99920031987
A_m1400_t_scale_down  0.0132776969501  5.90119864447e-05  225.0
h_m1400_t_hdamp_up  0.0096246238938  0.0048337  1.99115044248
H_m1400_t_hdamp_up  0.00962455017993  0.0048142  1.99920031987
A_m1400_t_hdamp_up  0.011387101806  5.060934136e-05  225.0
h_m1400_t_hdamp_down  0.00962561946903  0.0048342  1.99115044248
H_m1400_t_hdamp_down  0.00962554978009  0.0048147  1.99920031987
A_m1400_t_hdamp_down  0.0113888187122  5.06169720544e-05  225.0
h_m1400_b  1.52142598629e-07  1.71921136451e-05  0.00884955752212
H_m1400_b  1.52142610358e-07  0.000190254334252  0.000799680127949
A_m1400_b  1.5725308832e-07  3.53819448719e-05  0.00444444444444
h_m1400_b_scale_up  1.30645949971e-07  1.47629923467e-05  0.00884955752212
H_m1400_b_scale_up  1.30645960387e-07  0.000163372773464  0.000799680127949
A_m1400_b_scale_up  1.34902602692e-07  3.03530856057e-05  0.00444444444444
h_m1400_b_scale_down  1.74465562028e-07  1.97146085092e-05  0.00884955752212
H_m1400_b_scale_down  1.74465574765e-07  0.000218169201244  0.000799680127949
A_m1400_b_scale_down  1.80590921877e-07  4.06329574224e-05  0.00444444444444
h_m1400_b_hdamp_up  1.52236482237e-07  1.72027224927e-05  0.00884955752212
H_m1400_b_hdamp_up  1.52236484576e-07  0.000190371723962  0.000799680127949
A_m1400_b_hdamp_up  1.57352461018e-07  3.5404303729e-05  0.00444444444444
h_m1400_b_hdamp_down  1.52605721035e-07  1.7244446477e-05  0.00884955752212
H_m1400_b_hdamp_down  1.52605712308e-07  0.000190833443241  0.000799680127949
A_m1400_b_hdamp_down  1.57717944201e-07  3.54865374452e-05  0.00444444444444
h_m1400_i  5.51143784825e-05  -0.000415194984568  -0.132743362832
H_m1400_i  5.51151366646e-05  0.00137842956798  0.0399840063974
A_m1400_i  6.85812543851e-05  6.85812543851e-05  1.0
h_m1400_i_scale_up  4.69739597977e-05  -0.000353870497143  -0.132743362832
H_m1400_i_scale_up  4.6974603654e-05  0.00117483483739  0.0399840063974
A_m1400_i_scale_up  5.84355518253e-05  5.84355518253e-05  1.0
h_m1400_i_scale_down  6.39095733906e-05  -0.000481452119543  -0.132743362832
H_m1400_i_scale_down  6.39104572156e-05  0.00159840053496  0.0399840063974
A_m1400_i_scale_down  7.95582026667e-05  7.95582026667e-05  1.0
h_m1400_i_hdamp_up  5.50982658999e-05  -0.000415073603113  -0.132743362832
H_m1400_i_hdamp_up  5.51009135411e-05  0.00137807384766  0.0399840063974
A_m1400_i_hdamp_up  6.85587258078e-05  6.85587258078e-05  1.0
h_m1400_i_hdamp_down  5.51142424988e-05  -0.000415193960158  -0.132743362832
H_m1400_i_hdamp_down  5.51156486407e-05  0.0013784423725  0.0399840063974
A_m1400_i_hdamp_down  6.8576839074e-05  6.8576839074e-05  1.0
h_m1600_t  0.00376646017699  0.0018916  1.99115044248
H_m1600_t  0.00376649340264  0.001884  1.99920031987
A_m1600_t  0.0043859447865  1.949308794e-05  225.0
h_m1600_t_scale_up  0.00319277504796  0.00160348257964  1.99115044248
H_m1600_t_scale_up  0.00319280321287  0.00159704016708  1.99920031987
A_m1600_t_scale_up  0.00371527476478  1.65123322879e-05  225.0
h_m1600_t_scale_down  0.00439208951206  0.00220580495495  1.99115044248
H_m1600_t_scale_down  0.00439212825667  0.00219694255399  1.99920031987
A_m1600_t_scale_down  0.00511981955069  2.27547535586e-05  225.0
h_m1600_t_hdamp_up  0.00376646017699  0.0018916  1.99115044248
H_m1600_t_hdamp_up  0.00376649340264  0.001884  1.99920031987
A_m1600_t_hdamp_up  0.00438570351116  1.94920156052e-05  225.0
h_m1600_t_hdamp_down  0.00376665929204  0.0018917  1.99115044248
H_m1600_t_hdamp_down  0.00376669332267  0.0018841  1.99920031987
A_m1600_t_hdamp_down  0.00438606475425  1.949362113e-05  225.0
h_m1600_b  5.47174744872e-08  6.18307461705e-06  0.00884955752212
H_m1600_b  5.47174750288e-08  6.84242025235e-05  0.000799680127949
A_m1600_b  5.64810993156e-08  1.2708247346e-05  0.00444444444444
h_m1600_b_scale_up  4.68563122917e-08  5.29476328896e-06  0.00884955752212
H_m1600_b_scale_up  4.68563127241e-08  5.85938190615e-05  0.000799680127949
A_m1600_b_scale_up  4.83237095823e-08  1.0872834656e-05  0.00444444444444
h_m1600_b_scale_down  6.28464977107e-08  7.10165424131e-06  0.00884955752212
H_m1600_b_scale_down  6.28464983952e-08  7.85895462432e-05  0.000799680127949
A_m1600_b_scale_down  6.49592072201e-08  1.46158216245e-05  0.00444444444444
h_m1600_b_hdamp_up  5.46646462027e-08  6.1771050209e-06  0.00884955752212
H_m1600_b_hdamp_up  5.46646455974e-08  6.83581393195e-05  0.000799680127949
A_m1600_b_hdamp_up  5.64268882457e-08  1.26960498553e-05  0.00444444444444
h_m1600_b_hdamp_down  5.47617137131e-08  6.18807364958e-06  0.00884955752212
H_m1600_b_hdamp_down  5.47617144036e-08  6.84795238617e-05  0.000799680127949
A_m1600_b_hdamp_down  5.65295983576e-08  1.27191596305e-05  0.00444444444444
h_m1600_i  2.1750396985e-05  -0.00016385299062  -0.132743362832
H_m1600_i  2.17514206476e-05  0.000544003030396  0.0399840063974
A_m1600_i  2.62026494245e-05  2.62026494245e-05  1.0
h_m1600_i_scale_up  1.84959702119e-05  -0.00013933630893  -0.132743362832
H_m1600_i_scale_up  1.84968380503e-05  0.000462605919639  0.0399840063974
A_m1600_i_scale_up  2.22744801276e-05  2.22744801276e-05  1.0
h_m1600_i_scale_down  2.52442434829e-05  -0.000190173300905  -0.132743362832
H_m1600_i_scale_down  2.52454369673e-05  0.000631388378553  0.0399840063974
A_m1600_i_scale_down  3.04270856665e-05  3.04270856665e-05  1.0
h_m1600_i_hdamp_up  2.17458625253e-05  -0.000163818831024  -0.132743362832
H_m1600_i_hdamp_up  2.17486375108e-05  0.000543933424144  0.0399840063974
A_m1600_i_hdamp_up  2.61993946664e-05  2.61993946664e-05  1.0
h_m1600_i_hdamp_down  2.17546979565e-05  -0.000163885391272  -0.132743362832
H_m1600_i_hdamp_down  2.17556930124e-05  0.000544109882241  0.0399840063974
A_m1600_i_hdamp_down  2.62086721747e-05  2.62086721747e-05  1.0
h_m1800_t  0.00158165044248  0.00079434  1.99115044248
H_m1800_t  0.00158164734106  0.00079114  1.99920031987
A_m1800_t  0.00182046609893  8.09096043971e-06  225.0
h_m1800_t_scale_up  0.00133756712857  0.00067175593568  1.99115044248
H_m1800_t_scale_up  0.00133756450577  0.000669049765785  1.99920031987
A_m1800_t_scale_up  0.00153857081891  6.83809252848e-06  225.0
h_m1800_t_scale_down  0.00184685384583  0.000927531042573  1.99115044248
H_m1800_t_scale_down  0.00184685022439  0.000923794482238  1.99920031987
A_m1800_t_scale_down  0.00212767673759  9.45634105595e-06  225.0
h_m1800_t_hdamp_up  0.00158149115044  0.00079426  1.99115044248
H_m1800_t_hdamp_up  0.00158148740504  0.00079106  1.99920031987
A_m1800_t_hdamp_up  0.00182026899754  8.0900844335e-06  225.0
h_m1800_t_hdamp_down  0.00158167035398  0.00079435  1.99115044248
H_m1800_t_hdamp_down  0.00158166733307  0.00079115  1.99920031987
A_m1800_t_hdamp_down  0.00182033339366  8.0903706385e-06  225.0
h_m1800_b  2.13575427836e-08  2.41340233455e-06  0.00884955752212
H_m1800_b  2.13575435613e-08  2.67076082233e-05  0.000799680127949
A_m1800_b  2.2022595213e-08  4.95508392292e-06  0.00444444444444
h_m1800_b_scale_up  1.82385224071e-08  2.060953032e-06  0.00884955752212
H_m1800_b_scale_up  1.82385230646e-08  2.28072730922e-05  0.000799680127949
A_m1800_b_scale_up  1.87911970413e-08  4.22801933429e-06  0.00444444444444
h_m1800_b_scale_down  2.45769481454e-08  2.77719514043e-06  0.00884955752212
H_m1800_b_scale_down  2.45769490436e-08  3.0733474779e-05  0.000799680127949
A_m1800_b_scale_down  2.53735480503e-08  5.70904831131e-06  0.00444444444444
h_m1800_b_hdamp_up  2.13773190257e-08  2.4156370499e-06  0.00884955752212
H_m1800_b_hdamp_up  2.13773204818e-08  2.67323392625e-05  0.000799680127949
A_m1800_b_hdamp_up  2.20423196742e-08  4.9595219267e-06  0.00444444444444
h_m1800_b_hdamp_down  2.13765330976e-08  2.41554824003e-06  0.00884955752212
H_m1800_b_hdamp_down  2.1376532448e-08  2.67313538262e-05  0.000799680127949
A_m1800_b_hdamp_down  2.20416197638e-08  4.95936444685e-06  0.00444444444444
h_m1800_i  9.14263490401e-06  -6.88745162769e-05  -0.132743362832
H_m1800_i  9.14304705055e-06  0.000228667606734  0.0399840063974
A_m1800_i  1.07680301623e-05  1.07680301623e-05  1.0
h_m1800_i_scale_up  7.75769204991e-06  -5.84412801093e-05  -0.132743362832
H_m1800_i_scale_up  7.75804080508e-06  0.000194028600535  0.0399840063974
A_m1800_i_scale_up  9.13343866851e-06  9.13343866851e-06  1.0
h_m1800_i_scale_down  1.06226739396e-05  -8.00241436783e-05  -0.132743362832
H_m1800_i_scale_down  1.0623154777e-05  0.000265685100973  0.0399840063974
A_m1800_i_scale_down  1.2518241642e-05  1.2518241642e-05  1.0
h_m1800_i_hdamp_up  9.14280512175e-06  -6.88757985838e-05  -0.132743362832
H_m1800_i_hdamp_up  9.14252716571e-06  0.000228654604414  0.0399840063974
A_m1800_i_hdamp_up  1.0767146657e-05  1.0767146657e-05  1.0
h_m1800_i_hdamp_down  9.14536050457e-06  -6.88950491344e-05  -0.132743362832
H_m1800_i_hdamp_down  9.14469240004e-06  0.000228708756925  0.0399840063974
A_m1800_i_hdamp_down  1.07704436123e-05  1.07704436123e-05  1.0
h_m2000_t  0.00070253761062  0.00035283  1.99115044248
H_m2000_t  0.000702538984406  0.00035141  1.99920031987
A_m2000_t  0.000801427808028  3.56190136901e-06  225.0
h_m2000_t_scale_up  0.000592713273228  0.000297673777221  1.99115044248
H_m2000_t_scale_up  0.000592714432258  0.000296475759015  1.99920031987
A_m2000_t_scale_up  0.000675771218305  3.00342763691e-06  225.0
h_m2000_t_scale_down  0.00082161982387  0.000412635733766  1.99115044248
H_m2000_t_scale_down  0.000821621430518  0.000410975039545  1.99920031987
A_m2000_t_scale_down  0.000938044271872  4.16908565277e-06  225.0
h_m2000_t_hdamp_up  0.000702517699115  0.00035282  1.99115044248
H_m2000_t_hdamp_up  0.000702518992403  0.0003514  1.99920031987
A_m2000_t_hdamp_up  0.000801378652272  3.56168289899e-06  225.0
h_m2000_t_hdamp_down  0.000702597345133  0.00035286  1.99115044248
H_m2000_t_hdamp_down  0.000702598960416  0.00035144  1.99920031987
A_m2000_t_hdamp_down  0.000801481735555  3.56214104691e-06  225.0
h_m2000_b  8.93632169831e-09  1.00980435191e-06  0.00884955752212
H_m2000_b  8.93632138341e-09  1.11748698899e-05  0.000799680127949
A_m2000_b  9.20537672272e-09  2.07120976261e-06  0.00444444444444
h_m2000_b_scale_up  7.61281199839e-09  8.60247755819e-07  0.00884955752212
H_m2000_b_scale_up  7.6128117512e-09  9.51982109488e-06  0.000799680127949
A_m2000_b_scale_up  7.83632274764e-09  1.76317261822e-06  0.00444444444444
h_m2000_b_scale_down  1.02994378783e-08  1.16383648025e-06  0.00884955752212
H_m2000_b_scale_down  1.02994374709e-08  1.28794465573e-05  0.000799680127949
A_m2000_b_scale_down  1.06213262857e-08  2.38979841428e-06  0.00444444444444
h_m2000_b_hdamp_up  8.9285598566e-09  1.0089272638e-06  0.00884955752212
H_m2000_b_hdamp_up  8.92856062679e-09  1.11651650638e-05  0.000799680127949
A_m2000_b_hdamp_up  9.1977966126e-09  2.06950423783e-06  0.00444444444444
h_m2000_b_hdamp_down  8.93481686093e-09  1.00963430528e-06  0.00884955752212
H_m2000_b_hdamp_down  8.93481672449e-09  1.1172988314e-05  0.000799680127949
A_m2000_b_hdamp_down  9.20455915418e-09  2.07102580969e-06  0.00444444444444
h_m2000_i  4.04870540029e-06  -3.05002473489e-05  -0.132743362832
H_m2000_i  4.04832895994e-06  0.000101248707288  0.0399840063974
A_m2000_i  4.68914794338e-06  4.68914794338e-06  1.0
h_m2000_i_scale_up  3.42712253285e-06  -2.58176564141e-05  -0.132743362832
H_m2000_i_scale_up  3.42680497996e-06  8.57043925488e-05  0.0399840063974
A_m2000_i_scale_up  3.96769162881e-06  3.96769162881e-06  1.0
h_m2000_i_scale_down  4.71155798101e-06  -3.54937367903e-05  -0.132743362832
H_m2000_i_scale_down  4.71111765347e-06  0.000117825052513  0.0399840063974
A_m2000_i_scale_down  5.4600642004e-06  5.4600642004e-06  1.0
h_m2000_i_hdamp_up  4.04848911737e-06  -3.04986180175e-05  -0.132743362832
H_m2000_i_hdamp_up  4.04880559354e-06  0.000101260627895  0.0399840063974
A_m2000_i_hdamp_up  4.68953029186e-06  4.68953029186e-06  1.0
h_m2000_i_hdamp_down  4.04915635043e-06  -3.05036445066e-05  -0.132743362832
H_m2000_i_hdamp_down  4.04894810344e-06  0.000101264192067  0.0399840063974
A_m2000_i_hdamp_down  4.68995505065e-06  4.68995505065e-06  1.0
h_m2300_t  0.000226015486726  0.00011351  1.99115044248
H_m2300_t  0.000226009596161  0.00011305  1.99920031987
A_m2300_t  0.000255225396341  1.13433509485e-06  225.0
h_m2300_t_scale_up  0.0001900010281  9.54227385569e-05  1.99115044248
H_m2300_t_scale_up  0.000189996076168  9.50360372994e-05  1.99920031987
A_m2300_t_scale_up  0.000214455684736  9.53136376604e-07  225.0
h_m2300_t_scale_down  0.000264953839365  0.000133065705992  1.99115044248
H_m2300_t_scale_down  0.000264946933964  0.000132526456369  1.99920031987
A_m2300_t_scale_down  0.000299407232334  1.33069881037e-06  225.0
h_m2300_t_hdamp_up  0.000225995575221  0.0001135  1.99115044248
H_m2300_t_hdamp_up  0.000226009596161  0.00011305  1.99920031987
A_m2300_t_hdamp_up  0.000255220244325  1.134312197e-06  225.0
h_m2300_t_hdamp_down  0.00022603539823  0.00011352  1.99115044248
H_m2300_t_hdamp_down  0.000226029588165  0.00011306  1.99920031987
A_m2300_t_hdamp_down  0.000255258910013  1.1344840445e-06  225.0
h_m2300_b  2.65758940412e-09  3.00307602666e-07  0.00884955752212
H_m2300_b  2.65758929485e-09  3.3233154132e-06  0.000799680127949
A_m2300_b  2.73456531854e-09  6.15277196672e-07  0.00444444444444
h_m2300_b_scale_up  2.25365400743e-09  2.54662902839e-07  0.00884955752212
H_m2300_b_scale_up  2.25365391218e-09  2.81819421718e-06  0.000799680127949
A_m2300_b_scale_up  2.31740737102e-09  5.21416658479e-07  0.00444444444444
h_m2300_b_scale_down  3.0746839619e-09  3.47439287694e-07  0.00884955752212
H_m2300_b_scale_down  3.07468384046e-09  3.8448921425e-06  0.000799680127949
A_m2300_b_scale_down  3.16693506076e-09  7.12560388671e-07  0.00444444444444
h_m2300_b_hdamp_up  2.65748062879e-09  3.00295311053e-07  0.00884955752212
H_m2300_b_hdamp_up  2.65748065445e-09  3.3231795584e-06  0.000799680127949
A_m2300_b_hdamp_up  2.73443053564e-09  6.15246870519e-07  0.00444444444444
h_m2300_b_hdamp_down  2.66149168793e-09  3.00748560736e-07  0.00884955752212
H_m2300_b_hdamp_down  2.66149168327e-09  3.32819534993e-06  0.000799680127949
A_m2300_b_hdamp_down  2.73856314387e-09  6.16176707371e-07  0.00444444444444
h_m2300_i  1.29143180033e-06  -9.72878622916e-06  -0.132743362832
H_m2300_i  1.2913769105e-06  3.22973365316e-05  0.0399840063974
A_m2300_i  1.46877994255e-06  1.46877994255e-06  1.0
h_m2300_i_scale_up  1.08941652787e-06  -8.20693784325e-06  -0.132743362832
H_m2300_i_scale_up  1.08937028718e-06  2.72451508823e-05  0.0399840063974
A_m2300_i_scale_up  1.23853504232e-06  1.23853504232e-06  1.0
h_m2300_i_scale_down  1.50603187178e-06  -1.13454401007e-05  -0.132743362832
H_m2300_i_scale_down  1.50596772389e-06  3.76642527745e-05  0.0399840063974
A_m2300_i_scale_down  1.71387357136e-06  1.71387357136e-06  1.0
h_m2300_i_hdamp_up  1.29163954949e-06  -9.73035127285e-06  -0.132743362832
H_m2300_i_hdamp_up  1.29097377946e-06  3.22872542244e-05  0.0399840063974
A_m2300_i_hdamp_up  1.4685295741e-06  1.4685295741e-06  1.0
h_m2300_i_hdamp_down  1.2924834989e-06  -9.73670902508e-06  -0.132743362832
H_m2300_i_hdamp_down  1.29190792261e-06  3.23106171444e-05  0.0399840063974
A_m2300_i_hdamp_down  1.46958056207e-06  1.46958056207e-06  1.0
h_m2600_t  7.85449115044e-05  3.9447e-05  1.99115044248
H_m2600_t  7.85445821671e-05  3.9288e-05  1.99920031987
A_m2600_t  8.803266993e-05  3.912563108e-07  225.0
h_m2600_t_scale_up  6.57844054325e-05  3.30383902839e-05  1.99115044248
H_m2600_t_scale_up  6.57841295998e-05  3.29052216258e-05  1.99920031987
A_m2600_t_scale_up  7.37003231941e-05  3.27556991974e-07  225.0
h_m2600_t_scale_down  9.23210429917e-05  4.63656793692e-05  1.99115044248
H_m2600_t_scale_down  9.23206558914e-05  4.61787920769e-05  1.99920031987
A_m2600_t_scale_down  0.00010353741004  4.60166266844e-07  225.0
h_m2600_t_hdamp_up  7.85389380531e-05  3.9444e-05  1.99115044248
H_m2600_t_hdamp_up  7.85385845662e-05  3.9285e-05  1.99920031987
A_m2600_t_hdamp_up  8.80249332531e-05  3.91221925569e-07  225.0
h_m2600_t_hdamp_down  7.85488938053e-05  3.9449e-05  1.99115044248
H_m2600_t_hdamp_down  7.85485805678e-05  3.929e-05  1.99920031987
A_m2600_t_hdamp_down  8.80425558337e-05  3.9130024815e-07  225.0
h_m2600_b  8.65824578628e-10  9.7838177385e-08  0.00884955752212
H_m2600_b  8.65824589764e-10  1.0827136495e-06  0.000799680127949
A_m2600_b  8.90054635511e-10  2.0026229299e-07  0.00444444444444
h_m2600_b_scale_up  7.31055109523e-10  8.26092273761e-08  0.00884955752212
H_m2600_b_scale_up  7.31055119719e-10  9.14184427208e-07  0.000799680127949
A_m2600_b_scale_up  7.51070934076e-10  1.68990960167e-07  0.00444444444444
h_m2600_b_scale_down  1.0052311474e-09  1.13591119656e-07  0.00884955752212
H_m2600_b_scale_down  1.00523115853e-09  1.25704156374e-06  0.000799680127949
A_m2600_b_scale_down  1.03430299679e-09  2.32718174277e-07  0.00444444444444
h_m2600_b_hdamp_up  8.65709157558e-10  9.7825134804e-08  0.00884955752212
H_m2600_b_hdamp_up  8.6570914167e-10  1.08256928166e-06  0.000799680127949
A_m2600_b_hdamp_up  8.89921968934e-10  2.0023244301e-07  0.00444444444444
h_m2600_b_hdamp_down  8.66814716288e-10  9.79500629405e-08  0.00884955752212
H_m2600_b_hdamp_down  8.66814817685e-10  1.08395192951e-06  0.000799680127949
A_m2600_b_hdamp_down  8.91050759888e-10  2.00486420975e-07  0.00444444444444
h_m2600_i  4.44101991267e-07  -3.34556833421e-06  -0.132743362832
H_m2600_i  4.44091153487e-07  1.11067197487e-05  0.0399840063974
A_m2600_i  4.98645319633e-07  4.98645319633e-07  1.0
h_m2600_i_scale_up  3.7317286042e-07  -2.8112355485e-06  -0.132743362832
H_m2600_i_scale_up  3.73163789366e-07  9.33282637204e-06  0.0399840063974
A_m2600_i_scale_up  4.18838616177e-07  4.18838616177e-07  1.0
h_m2600_i_scale_down  5.19423185455e-07  -3.91298799709e-06  -0.132743362832
H_m2600_i_scale_down  5.19410433067e-07  1.2990454931e-05  0.0399840063974
A_m2600_i_scale_down  5.83570600618e-07  5.83570600618e-07  1.0
h_m2600_i_hdamp_up  4.44012411525e-07  -3.34489350016e-06  -0.132743362832
H_m2600_i_hdamp_up  4.43967306415e-07  1.11036223334e-05  0.0399840063974
A_m2600_i_hdamp_up  4.98500625403e-07  4.98500625403e-07  1.0
h_m2600_i_hdamp_down  4.44103894336e-07  -3.34558267066e-06  -0.132743362832
H_m2600_i_hdamp_down  4.44160908828e-07  1.11084643298e-05  0.0399840063974
A_m2600_i_hdamp_down  4.98691478785e-07  4.98691478785e-07  1.0
h_m2900_t  2.89433628319e-05  1.4536e-05  1.99115044248
H_m2900_t  2.89424230308e-05  1.4477e-05  1.99920031987
A_m2900_t  3.22471316362e-05  1.4332058505e-07  225.0
h_m2900_t_scale_up  2.41451139294e-05  1.21262127734e-05  1.99115044248
H_m2900_t_scale_up  2.41443299292e-05  1.20769938306e-05  1.99920031987
A_m2900_t_scale_up  2.68913041832e-05  1.19516907481e-07  225.0
h_m2900_t_scale_down  3.413146726e-05  1.7141581335e-05  1.99115044248
H_m2900_t_scale_down  3.41303589994e-05  1.70720055715e-05  1.99920031987
A_m2900_t_scale_down  3.80486329511e-05  1.69105035338e-07  225.0
h_m2900_t_hdamp_up  2.89433628319e-05  1.4536e-05  1.99115044248
H_m2900_t_hdamp_up  2.89424230308e-05  1.4477e-05  1.99920031987
A_m2900_t_hdamp_up  3.22474296037e-05  1.4332190935e-07  225.0
h_m2900_t_hdamp_down  2.89453539823e-05  1.4537e-05  1.99115044248
H_m2900_t_hdamp_down  2.89464214314e-05  1.4479e-05  1.99920031987
A_m2900_t_hdamp_down  3.22503258918e-05  1.43334781741e-07  225.0
h_m2900_b  3.01842512661e-10  3.41082039307e-08  0.00884955752212
H_m2900_b  3.01842522187e-10  3.77454073995e-07  0.000799680127949
A_m2900_b  3.1003921713e-10  6.97588238543e-08  0.00444444444444
h_m2900_b_scale_up  2.53788601789e-10  2.86781120022e-08  0.00884955752212
H_m2900_b_scale_up  2.5378861026e-10  3.1736265713e-07  0.000799680127949
A_m2900_b_scale_up  2.60541140854e-10  5.86217566922e-08  0.00444444444444
h_m2900_b_scale_down  3.51691347867e-10  3.9741122309e-08  0.00884955752212
H_m2900_b_scale_down  3.51691358026e-10  4.39790043212e-07  0.000799680127949
A_m2900_b_scale_down  3.61541193575e-10  8.13467685544e-08  0.00444444444444
h_m2900_b_hdamp_up  3.01678636654e-10  3.40896859419e-08  0.00884955752212
H_m2900_b_hdamp_up  3.01678646746e-10  3.77249147756e-07  0.000799680127949
A_m2900_b_hdamp_up  3.09870393393e-10  6.97208385134e-08  0.00444444444444
h_m2900_b_hdamp_down  3.02092450408e-10  3.41364468961e-08  0.00884955752212
H_m2900_b_hdamp_down  3.02092447773e-10  3.7776660594e-07  0.000799680127949
A_m2900_b_hdamp_down  3.1029210484e-10  6.98157235891e-08  0.00444444444444
h_m2900_i  1.61754358195e-07  -1.2185494984e-06  -0.132743362832
H_m2900_i  1.61772816995e-07  4.04593815304e-06  0.0399840063974
A_m2900_i  1.7986439386e-07  1.7986439386e-07  1.0
h_m2900_i_scale_up  1.35362796638e-07  -1.019733068e-06  -0.132743362832
H_m2900_i_scale_up  1.35378192395e-07  3.38580859179e-06  0.0399840063974
A_m2900_i_scale_up  1.50459557277e-07  1.50459557277e-07  1.0
h_m2900_i_scale_down  1.89839749013e-07  -1.43012610923e-06  -0.132743362832
H_m2900_i_scale_down  1.89861522305e-07  4.74843667285e-06  0.0399840063974
A_m2900_i_scale_down  2.11220062325e-07  2.11220062325e-07  1.0
h_m2900_i_hdamp_up  1.61786679593e-07  -1.21879298626e-06  -0.132743362832
H_m2900_i_hdamp_up  1.61736205276e-07  4.04502249395e-06  0.0399840063974
A_m2900_i_hdamp_up  1.79834419135e-07  1.79834419135e-07  1.0
h_m2900_i_hdamp_down  1.61844470977e-07  -1.21922834803e-06  -0.132743362832
H_m2900_i_hdamp_down  1.61792592263e-07  4.04643273249e-06  0.0399840063974
A_m2900_i_hdamp_down  1.79908588868e-07  1.79908588868e-07  1.0
h_m3200_t  1.11542256637e-05  5.6019e-06  1.99115044248
H_m3200_t  1.11543382647e-05  5.5794e-06  1.99920031987
A_m3200_t  1.23681565283e-05  5.496958457e-08  225.0
h_m3200_t_scale_up  9.27036104874e-06  4.6557813267e-06  1.99115044248
H_m3200_t_scale_up  9.27045463226e-06  4.63708140705e-06  1.99920031987
A_m3200_t_scale_up  1.02758825916e-05  4.56705892958e-08  225.0
h_m3200_t_scale_down  1.31947993828e-05  6.62672146783e-06  1.99115044248
H_m3200_t_scale_down  1.31949325832e-05  6.60010527814e-06  1.99920031987
A_m3200_t_scale_down  1.46381575573e-05  6.50584780325e-08  225.0
h_m3200_t_hdamp_up  1.11540265487e-05  5.6018e-06  1.99115044248
H_m3200_t_hdamp_up  1.11541383447e-05  5.5793e-06  1.99920031987
A_m3200_t_hdamp_up  1.23677773906e-05  5.4967899514e-08  225.0
h_m3200_t_hdamp_down  1.11552212389e-05  5.6024e-06  1.99115044248
H_m3200_t_hdamp_down  1.11551379448e-05  5.5798e-06  1.99920031987
A_m3200_t_hdamp_down  1.23689357122e-05  5.497304761e-08  225.0
h_m3200_b  1.10806234788e-10  1.2521104531e-08  0.00884955752212
H_m3200_b  1.10806228113e-10  1.38563188255e-07  0.000799680127949
A_m3200_b  1.13738692827e-10  2.5591205886e-08  0.00444444444444
h_m3200_b_scale_up  9.27619425172e-11  1.04820995044e-08  0.00884955752212
H_m3200_b_scale_up  9.27619375084e-11  1.15998802854e-07  0.000799680127949
A_m3200_b_scale_up  9.51698237729e-11  2.14132103489e-08  0.00444444444444
h_m3200_b_scale_down  1.29625749718e-10  1.46477097182e-08  0.00884955752212
H_m3200_b_scale_down  1.29625740646e-10  1.62096988678e-07  0.000799680127949
A_m3200_b_scale_down  1.33158659961e-10  2.99606984911e-08  0.00444444444444
h_m3200_b_hdamp_up  1.10714257619e-10  1.2510711111e-08  0.00884955752212
H_m3200_b_hdamp_up  1.10714260728e-10  1.3844818304e-07  0.000799680127949
A_m3200_b_hdamp_up  1.13647199011e-10  2.55706197775e-08  0.00444444444444
h_m3200_b_hdamp_down  1.10806140607e-10  1.25210938886e-08  0.00884955752212
H_m3200_b_hdamp_down  1.1080615074e-10  1.385630915e-07  0.000799680127949
A_m3200_b_hdamp_down  1.13745213982e-10  2.55926731459e-08  0.00444444444444
h_m3200_i  6.1631411995e-08  -4.64289970362e-07  -0.132743362832
H_m3200_i  6.16308251543e-08  1.54138693711e-06  0.0399840063974
A_m3200_i  6.80123830085e-08  6.80123830085e-08  1.0
h_m3200_i_scale_up  5.13816053239e-08  -3.87074760107e-07  -0.132743362832
H_m3200_i_scale_up  5.13811173176e-08  1.28504174411e-06  0.0399840063974
A_m3200_i_scale_up  5.66804144427e-08  5.66804144427e-08  1.0
h_m3200_i_scale_down  7.25612469329e-08  -5.46628060228e-07  -0.132743362832
H_m3200_i_scale_down  7.25605533127e-08  1.81473943835e-06  0.0399840063974
A_m3200_i_scale_down  8.01194609326e-08  8.01194609326e-08  1.0
h_m3200_i_hdamp_up  6.16126905627e-08  -4.64148935572e-07  -0.132743362832
H_m3200_i_hdamp_up  6.16121604945e-08  1.54092013397e-06  0.0399840063974
A_m3200_i_hdamp_up  6.79929589508e-08  6.79929589508e-08  1.0
h_m3200_i_hdamp_down  6.16497348775e-08  -4.64428002744e-07  -0.132743362832
H_m3200_i_hdamp_down  6.16443968942e-08  1.54172636633e-06  0.0399840063974
A_m3200_i_hdamp_down  6.80243248715e-08  6.80243248715e-08  1.0
h_m3500_t  4.44783207445e-06  2.2338001085e-06  1.99115044248
H_m3500_t  4.44802079168e-06  2.2249e-06  1.99920031987
A_m3500_t  4.91231620688e-06  2.1832516475e-08  225.0
h_m3500_t_scale_up  3.68182230426e-06  1.84909297947e-06  1.99115044248
H_m3500_t_scale_up  3.68197853216e-06  1.84172566179e-06  1.99920031987
A_m3500_t_scale_up  4.06511703008e-06  1.80671868004e-08  225.0
h_m3500_t_scale_down  5.28007224094e-06  2.65176961434e-06  1.99115044248
H_m3500_t_scale_down  5.28029624422e-06  2.64120418136e-06  1.99920031987
A_m3500_t_scale_down  5.83409303285e-06  2.59293023682e-08  225.0
h_m3500_t_hdamp_up  4.44783185841e-06  2.2338e-06  1.99115044248
H_m3500_t_hdamp_up  4.44782087165e-06  2.2248e-06  1.99920031987
A_m3500_t_hdamp_up  4.9122662805e-06  2.183229458e-08  225.0
h_m3500_t_hdamp_down  4.44842920354e-06  2.2341e-06  1.99115044248
H_m3500_t_hdamp_down  4.44842063175e-06  2.2251e-06  1.99920031987
A_m3500_t_hdamp_down  4.91274693788e-06  2.1834430835e-08  225.0
h_m3500_b  4.23212123487e-11  4.7822969954e-09  0.00884955752212
H_m3500_b  4.23212127957e-11  5.2922676601e-08  0.000799680127949
A_m3500_b  4.34163183987e-11  9.7686716397e-09  0.00444444444444
h_m3500_b_scale_up  3.52627795192e-11  3.98469408567e-09  0.00884955752212
H_m3500_b_scale_up  3.52627799494e-11  4.40961063267e-08  0.000799680127949
A_m3500_b_scale_up  3.61590727468e-11  8.13579136803e-09  0.00444444444444
h_m3500_b_scale_down  4.97348174378e-11  5.62003437047e-09  0.00884955752212
H_m3500_b_scale_down  4.97348178316e-11  6.21933896984e-08  0.000799680127949
A_m3500_b_scale_down  5.10573703667e-11  1.14879083325e-08  0.00444444444444
h_m3500_b_hdamp_up  4.23066929751e-11  4.78065630619e-09  0.00884955752212
H_m3500_b_hdamp_up  4.23066922432e-11  5.29045186501e-08  0.000799680127949
A_m3500_b_hdamp_up  4.34006550425e-11  9.76514738457e-09  0.00444444444444
h_m3500_b_hdamp_down  4.23045765666e-11  4.78041715202e-09  0.00884955752212
H_m3500_b_hdamp_down  4.23045768442e-11  5.29018733437e-08  0.000799680127949
A_m3500_b_hdamp_down  4.33967708826e-11  9.76427344858e-09  0.00444444444444
h_m3500_i  2.43125426859e-08  -1.83154488234e-07  -0.132743362832
H_m3500_i  2.43058229053e-08  6.07888630861e-07  0.0399840063974
A_m3500_i  2.66608763756e-08  2.66608763756e-08  1.0
h_m3500_i_scale_up  2.01838024683e-08  -1.52051311928e-07  -0.132743362832
H_m3500_i_scale_up  2.01782394727e-08  5.04657769213e-07  0.0399840063974
A_m3500_i_scale_up  2.21254846635e-08  2.21254846635e-08  1.0
h_m3500_i_scale_down  2.87330254649e-08  -2.16455458502e-07  -0.132743362832
H_m3500_i_scale_down  2.87250495819e-08  7.18413490044e-07  0.0399840063974
A_m3500_i_scale_down  3.15256388515e-08  3.15256388515e-08  1.0
h_m3500_i_hdamp_up  2.43052941719e-08  -1.83099882762e-07  -0.132743362832
H_m3500_i_hdamp_up  2.42986048712e-08  6.07708107829e-07  0.0399840063974
A_m3500_i_hdamp_up  2.6652896687e-08  2.6652896687e-08  1.0
h_m3500_i_hdamp_down  2.4311447475e-08  -1.83146237645e-07  -0.132743362832
H_m3500_i_hdamp_down  2.43031865174e-08  6.078226948e-07  0.0399840063974
A_m3500_i_hdamp_down  2.66594951954e-08  2.66594951954e-08  1.0
h_m350_i_alt  -0.111497198195  0.839945559733  -0.132743362832
H_m350_i_alt  -0.111498058987  -2.78856645527  0.0399840063974
A_m350_i_alt  -0.185781470295  -0.185781470295  1.0
h_m350_i_alt_scale_up  -0.0935720783907  0.70490965721  -0.132743362832
H_m350_i_alt_scale_up  -0.0935728168115  -2.34025614846  0.0399840063974
A_m350_i_alt_scale_up  -0.148943495176  -0.148943495176  1.0
h_m350_i_alt_scale_down  -0.13400792357  1.00952635756  -0.132743362832
H_m350_i_alt_scale_down  -0.134008936754  -3.35156350823  0.0399840063974
A_m350_i_alt_scale_down  -0.235344985127  -0.235344985127  1.0
h_m350_i_alt_hdamp_up  -0.111001136844  0.836208564223  -0.132743362832
H_m350_i_alt_hdamp_up  -0.111002422575  -2.77617058859  0.0399840063974
A_m350_i_alt_hdamp_up  -0.184998163385  -0.184998163385  1.0
h_m350_i_alt_hdamp_down  -0.118044866852  0.889271330283  -0.132743362832
H_m350_i_alt_hdamp_down  -0.118040567249  -2.9521945869  0.0399840063974
A_m350_i_alt_hdamp_down  -0.196478974793  -0.196478974793  1.0
h_m400_i_alt  -0.0476612037086  0.359047734605  -0.132743362832
H_m400_i_alt  -0.0476568567586  -1.19189798753  0.0399840063974
A_m400_i_alt  0.00365165331431  0.00365165331431  1.0
h_m400_i_alt_scale_up  -0.0419732228102  0.316198278503  -0.132743362832
H_m400_i_alt_scale_up  -0.0419694984573  -1.04965715642  0.0399840063974
A_m400_i_alt_scale_up  0.00359750699809  0.00359750699809  1.0
h_m400_i_alt_scale_down  -0.0555095581762  0.418172004927  -0.132743362832
H_m400_i_alt_scale_down  -0.0555044678927  -1.388166742  0.0399840063974
A_m400_i_alt_scale_down  0.00264208669645  0.00264208669645  1.0
h_m400_i_alt_hdamp_up  -0.0456887131177  0.344188305486  -0.132743362832
H_m400_i_alt_hdamp_up  -0.0456872062843  -1.14263702917  0.0399840063974
A_m400_i_alt_hdamp_up  0.0037196989415  0.0037196989415  1.0
h_m400_i_alt_hdamp_down  -0.0646285334934  0.48686828565  -0.132743362832
H_m400_i_alt_hdamp_down  -0.0646232754185  -1.61622811822  0.0399840063974
A_m400_i_alt_hdamp_down  0.00450503005932  0.00450503005932  1.0
h_m450_i_alt  -0.0412260971791  0.310569932083  -0.132743362832
H_m450_i_alt  -0.041229322485  -1.03114535535  0.0399840063974
A_m450_i_alt  0.0725678989736  0.0725678989736  1.0
h_m450_i_alt_scale_up  -0.0423985277285  0.319402242221  -0.132743362832
H_m450_i_alt_scale_up  -0.0424012640274  -1.06045561333  0.0399840063974
A_m450_i_alt_scale_up  0.0520131791024  0.0520131791024  1.0
h_m450_i_alt_scale_down  -0.0349097969434  0.262987136974  -0.132743362832
H_m450_i_alt_scale_down  -0.0349136081773  -0.873189340514  0.0399840063974
A_m450_i_alt_scale_down  0.104218822971  0.104218822971  1.0
h_m450_i_alt_hdamp_up  -0.0276990621637  0.2086662683  -0.132743362832
H_m450_i_alt_hdamp_up  -0.0277003714926  -0.69278629103  0.0399840063974
A_m450_i_alt_hdamp_up  0.0487545096309  0.0487545096309  1.0
h_m450_i_alt_hdamp_down  -0.0589317452554  0.443952480924  -0.132743362832
H_m450_i_alt_hdamp_down  -0.0589995572882  -1.47557892778  0.0399840063974
A_m450_i_alt_hdamp_down  0.0971656833866  0.0971656833866  1.0
h_m500_i_alt  -0.0011513296712  0.00867335018972  -0.132743362832
H_m500_i_alt  -0.00115065247953  -0.028777818513  0.0399840063974
A_m500_i_alt  0.0218630449785  0.0218630449785  1.0
h_m500_i_alt_scale_up  -0.00180610044672  0.0136059566986  -0.132743362832
H_m500_i_alt_scale_up  -0.00180551732012  -0.0451559881762  0.0399840063974
A_m500_i_alt_scale_up  0.0177660186732  0.0177660186732  1.0
h_m500_i_alt_scale_down  -0.000314234401247  0.00236723248939  -0.132743362832
H_m500_i_alt_scale_down  -0.000313437453934  -0.00783907072288  0.0399840063974
A_m500_i_alt_scale_down  0.0265148708  0.0265148708  1.0
h_m500_i_alt_hdamp_up  -0.000988581578605  0.00744731455882  -0.132743362832
H_m500_i_alt_hdamp_up  -0.000986265980107  -0.0246665121625  0.0399840063974
A_m500_i_alt_hdamp_up  0.0202775090782  0.0202775090782  1.0
h_m500_i_alt_hdamp_down  -0.00148945644404  0.0112205718784  -0.132743362832
H_m500_i_alt_hdamp_down  -0.00149338379574  -0.0373495287314  0.0399840063974
A_m500_i_alt_hdamp_down  0.0317564272982  0.0317564272982  1.0
h_m600_i_alt  0.0032813028897  -0.0247191484358  -0.132743362832
H_m600_i_alt  0.00328083241774  0.0820536187677  0.0399840063974
A_m600_i_alt  0.0103164769608  0.0103164769608  1.0
h_m600_i_alt_scale_up  0.00301936902499  -0.0227459133216  -0.132743362832
H_m600_i_alt_scale_up  0.00301896580653  0.0755043348214  0.0399840063974
A_m600_i_alt_scale_up  0.00912885883715  0.00912885883715  1.0
h_m600_i_alt_scale_down  0.00340303860285  -0.0256362241414  -0.132743362832
H_m600_i_alt_scale_down  0.00340249033418  0.0850962832578  0.0399840063974
A_m600_i_alt_scale_down  0.0114502604724  0.0114502604724  1.0
h_m600_i_alt_hdamp_up  0.00327037651164  -0.0246368363877  -0.132743362832
H_m600_i_alt_hdamp_up  0.00327064586403  0.0817988530594  0.0399840063974
A_m600_i_alt_hdamp_up  0.010292540469  0.010292540469  1.0
h_m600_i_alt_hdamp_down  0.00337957549119  -0.0254594687003  -0.132743362832
H_m600_i_alt_hdamp_down  0.00337919242992  0.0845136026724  0.0399840063974
A_m600_i_alt_hdamp_down  0.0106621972219  0.0106621972219  1.0
h_m700_i_alt  0.00237489551189  -0.0178908795229  -0.132743362832
H_m700_i_alt  0.00237436232193  0.0593828016714  0.0399840063974
A_m700_i_alt  0.00487785478096  0.00487785478096  1.0
h_m700_i_alt_scale_up  0.00206916439627  -0.0155877051186  -0.132743362832
H_m700_i_alt_scale_up  0.00206870821735  0.0517383925159  0.0399840063974
A_m700_i_alt_scale_up  0.00422395267227  0.00422395267227  1.0
h_m700_i_alt_scale_down  0.0026968893967  -0.0203165667884  -0.132743362832
H_m700_i_alt_scale_down  0.00269626801326  0.0674336630117  0.0399840063974
A_m700_i_alt_scale_down  0.00558838140064  0.00558838140064  1.0
h_m700_i_alt_hdamp_up  0.00237847934094  -0.0179178777018  -0.132743362832
H_m700_i_alt_hdamp_up  0.00237837863972  0.0594832497793  0.0399840063974
A_m700_i_alt_hdamp_up  0.00488092895402  0.00488092895402  1.0
h_m700_i_alt_hdamp_down  0.00238751856587  -0.0179859731962  -0.132743362832
H_m700_i_alt_hdamp_down  0.00238770086572  0.0597163986516  0.0399840063974
A_m700_i_alt_hdamp_down  0.00491344646726  0.00491344646726  1.0
h_m800_i_alt  0.00139427111816  -0.0105035090901  -0.132743362832
H_m800_i_alt  0.0013939195076  0.034861926885  0.0399840063974
A_m800_i_alt  0.00237147728336  0.00237147728336  1.0
h_m800_i_alt_scale_up  0.00119402428961  -0.00899498298177  -0.132743362832
H_m800_i_alt_scale_up  0.00119372342126  0.0298550227657  0.0399840063974
A_m800_i_alt_scale_up  0.00203213853844  0.00203213853844  1.0
h_m800_i_alt_scale_down  0.00161966608102  -0.012201484477  -0.132743362832
H_m800_i_alt_scale_down  0.00161925716991  0.0404976218193  0.0399840063974
A_m800_i_alt_scale_down  0.00275242893899  0.00275242893899  1.0
h_m800_i_alt_hdamp_up  0.00139379660736  -0.0104999344421  -0.132743362832
H_m800_i_alt_hdamp_up  0.00139413801532  0.0348673917633  0.0399840063974
A_m800_i_alt_hdamp_up  0.00237154346528  0.00237154346528  1.0
h_m800_i_alt_hdamp_down  0.00139302948881  -0.0104941554824  -0.132743362832
H_m800_i_alt_hdamp_down  0.00139319423836  0.0348437879014  0.0399840063974
A_m800_i_alt_hdamp_down  0.00237121857109  0.00237121857109  1.0
h_m900_i_alt  0.000786335871008  -0.00592373022826  -0.132743362832
H_m900_i_alt  0.000786287023475  0.0196650384571  0.0399840063974
A_m900_i_alt  0.00120097393602  0.00120097393602  1.0
h_m900_i_alt_scale_up  0.000673026668068  -0.00507013423278  -0.132743362832
H_m900_i_alt_scale_up  0.000672984872424  0.0168313516593  0.0399840063974
A_m900_i_alt_scale_up  0.00102816277018  0.00102816277018  1.0
h_m900_i_alt_scale_down  0.000912599119269  -0.00687491336516  -0.132743362832
H_m900_i_alt_scale_down  0.000912542399069  0.0228226854007  0.0399840063974
A_m900_i_alt_scale_down  0.00139333942491  0.00139333942491  1.0
h_m900_i_alt_hdamp_up  0.000786559380939  -0.00592541400307  -0.132743362832
H_m900_i_alt_hdamp_up  0.000786501414293  0.0196704003715  0.0399840063974
A_m900_i_alt_hdamp_up  0.00120144768287  0.00120144768287  1.0
h_m900_i_alt_hdamp_down  0.000786431690887  -0.00592445207135  -0.132743362832
H_m900_i_alt_hdamp_down  0.000786479506181  0.0196698524496  0.0399840063974
A_m900_i_alt_hdamp_down  0.00120146178412  0.00120146178412  1.0
