Ecm = 13000 GeV
muFcentral = (mH+2mb)/4,   muRcentral = mH/2
      mH       muF           descr            xs   muR_muF_unc       mub_unc        mb_unc   deltaPDF_up deltaPDF_down   delta_as_up delta_as_down
      50         0    NLO+NNLLpart     7.521e+00      1.52e+00      5.03e-01      2.30e-01      1.10e-01     -2.69e-01     -3.39e-02      1.29e-01
      55         0    NLO+NNLLpart     5.946e+00      1.12e+00      4.03e-01      1.77e-01      8.76e-02     -2.14e-01     -2.64e-02      1.00e-01
      60         0    NLO+NNLLpart     4.753e+00      8.15e-01      3.12e-01      1.36e-01      7.20e-02     -1.73e-01     -2.06e-02      7.90e-02
      65         0    NLO+NNLLpart     3.841e+00      5.97e-01      2.41e-01      1.00e-01      6.12e-02     -1.13e-01     -1.62e-02      6.29e-02
      70         0    NLO+NNLLpart     3.138e+00      4.42e-01      1.88e-01      7.78e-02      5.36e-02     -9.43e-02     -1.29e-02      5.07e-02
      75         0    NLO+NNLLpart     2.588e+00      3.33e-01      1.50e-01      6.38e-02      4.32e-02     -7.72e-02     -1.04e-02      4.14e-02
      80         0    NLO+NNLLpart     2.155e+00      2.56e-01      1.21e-01      5.20e-02      3.63e-02     -6.26e-02     -8.54e-03      3.41e-02
      85         0    NLO+NNLLpart     1.809e+00      2.00e-01      9.99e-02      4.20e-02      4.06e-02     -4.70e-02     -7.08e-03      2.83e-02
      90         0    NLO+NNLLpart     1.530e+00      1.58e-01      8.35e-02      3.39e-02      3.55e-02     -3.84e-02     -5.93e-03      2.38e-02
      95         0    NLO+NNLLpart     1.302e+00      1.27e-01      7.06e-02      2.75e-02      2.64e-02     -3.48e-02     -5.01e-03      2.00e-02
     100         0    NLO+NNLLpart     1.115e+00      1.03e-01      6.01e-02      2.24e-02      2.28e-02     -2.91e-02     -4.25e-03      1.70e-02
     105         0    NLO+NNLLpart     9.608e-01      8.42e-02      5.15e-02      1.84e-02      2.06e-02     -2.48e-02     -3.62e-03      1.45e-02
     110         0    NLO+NNLLpart     8.317e-01      6.93e-02      4.43e-02      1.52e-02      1.77e-02     -2.13e-02     -3.09e-03      1.25e-02
     115         0    NLO+NNLLpart     7.234e-01      5.74e-02      3.84e-02      1.27e-02      1.58e-02     -1.92e-02     -2.65e-03      1.08e-02
     120         0    NLO+NNLLpart     6.320e-01      4.78e-02      3.33e-02      1.09e-02      1.37e-02     -1.75e-02     -2.28e-03      9.31e-03
   120.5         0    NLO+NNLLpart     6.237e-01      4.69e-02      3.28e-02      1.07e-02      1.35e-02     -1.73e-02     -2.25e-03      9.18e-03
     121         0    NLO+NNLLpart     6.155e-01      4.61e-02      3.24e-02      1.06e-02      1.28e-02     -1.74e-02     -2.22e-03      9.05e-03
   121.5         0    NLO+NNLLpart     6.074e-01      4.52e-02      3.19e-02      1.04e-02      1.27e-02     -1.72e-02     -2.18e-03      8.92e-03
     122         0    NLO+NNLLpart     5.995e-01      4.44e-02      3.15e-02      1.03e-02      1.25e-02     -1.69e-02     -2.15e-03      8.80e-03
   122.5         0    NLO+NNLLpart     5.917e-01      4.36e-02      3.10e-02      1.01e-02      1.24e-02     -1.67e-02     -2.12e-03      8.67e-03
     123         0    NLO+NNLLpart     5.840e-01      4.29e-02      3.06e-02      9.98e-03      1.22e-02     -1.65e-02     -2.09e-03      8.55e-03
   123.5         0    NLO+NNLLpart     5.764e-01      4.21e-02      3.02e-02      9.83e-03      1.20e-02     -1.63e-02     -2.06e-03      8.43e-03
     124         0    NLO+NNLLpart     5.690e-01      4.14e-02      2.98e-02      9.69e-03      1.22e-02     -1.60e-02     -2.03e-03      8.32e-03
   124.1         0    NLO+NNLLpart     5.675e-01      4.12e-02      2.97e-02      9.66e-03      1.21e-02     -1.60e-02     -2.02e-03      8.29e-03
   124.2         0    NLO+NNLLpart     5.660e-01      4.11e-02      2.96e-02      9.64e-03      1.21e-02     -1.59e-02     -2.01e-03      8.27e-03
   124.3         0    NLO+NNLLpart     5.646e-01      4.09e-02      2.95e-02      9.61e-03      1.20e-02     -1.59e-02     -2.01e-03      8.25e-03
   124.4         0    NLO+NNLLpart     5.631e-01      4.08e-02      2.95e-02      9.58e-03      1.20e-02     -1.59e-02     -2.00e-03      8.22e-03
   124.5         0    NLO+NNLLpart     5.616e-01      4.06e-02      2.94e-02      9.55e-03      1.20e-02     -1.58e-02     -2.00e-03      8.20e-03
   124.6         0    NLO+NNLLpart     5.602e-01      4.05e-02      2.93e-02      9.53e-03      1.19e-02     -1.58e-02     -1.99e-03      8.18e-03
   124.7         0    NLO+NNLLpart     5.587e-01      4.03e-02      2.92e-02      9.50e-03      1.19e-02     -1.58e-02     -1.99e-03      8.16e-03
   124.8         0    NLO+NNLLpart     5.573e-01      4.02e-02      2.91e-02      9.47e-03      1.19e-02     -1.57e-02     -1.98e-03      8.13e-03
   124.9         0    NLO+NNLLpart     5.559e-01      4.01e-02      2.91e-02      9.44e-03      1.18e-02     -1.57e-02     -1.97e-03      8.11e-03
     125         0    NLO+NNLLpart     5.544e-01      3.99e-02      2.90e-02      9.42e-03      1.18e-02     -1.57e-02     -1.97e-03      8.09e-03
  125.09         0    NLO+NNLLpart     5.532e-01      3.98e-02      2.89e-02      9.39e-03      1.18e-02     -1.56e-02     -1.96e-03      8.07e-03
   125.1         0    NLO+NNLLpart     5.530e-01      3.98e-02      2.89e-02      9.39e-03      1.18e-02     -1.56e-02     -1.96e-03      8.07e-03
   125.2         0    NLO+NNLLpart     5.516e-01      3.96e-02      2.88e-02      9.36e-03      1.17e-02     -1.56e-02     -1.96e-03      8.04e-03
   125.3         0    NLO+NNLLpart     5.502e-01      3.95e-02      2.87e-02      9.33e-03      1.17e-02     -1.56e-02     -1.95e-03      8.02e-03
   125.4         0    NLO+NNLLpart     5.488e-01      3.93e-02      2.87e-02      9.31e-03      1.17e-02     -1.55e-02     -1.94e-03      8.00e-03
   125.5         0    NLO+NNLLpart     5.473e-01      3.92e-02      2.86e-02      9.28e-03      1.16e-02     -1.55e-02     -1.94e-03      7.98e-03
   125.6         0    NLO+NNLLpart     5.459e-01      3.91e-02      2.85e-02      9.25e-03      1.16e-02     -1.54e-02     -1.93e-03      7.96e-03
   125.7         0    NLO+NNLLpart     5.445e-01      3.89e-02      2.84e-02      9.23e-03      1.16e-02     -1.54e-02     -1.93e-03      7.93e-03
   125.8         0    NLO+NNLLpart     5.431e-01      3.88e-02      2.84e-02      9.20e-03      1.15e-02     -1.54e-02     -1.92e-03      7.91e-03
   125.9         0    NLO+NNLLpart     5.417e-01      3.87e-02      2.83e-02      9.17e-03      1.15e-02     -1.53e-02     -1.92e-03      7.89e-03
     126         0    NLO+NNLLpart     5.404e-01      3.85e-02      2.82e-02      9.15e-03      1.15e-02     -1.53e-02     -1.91e-03      7.87e-03
   126.5         0    NLO+NNLLpart     5.335e-01      3.78e-02      2.78e-02      9.02e-03      1.13e-02     -1.51e-02     -1.88e-03      7.76e-03
     127         0    NLO+NNLLpart     5.267e-01      3.72e-02      2.74e-02      8.89e-03      1.11e-02     -1.49e-02     -1.86e-03      7.66e-03
   127.5         0    NLO+NNLLpart     5.201e-01      3.65e-02      2.71e-02      8.76e-03      1.10e-02     -1.47e-02     -1.83e-03      7.55e-03
     128         0    NLO+NNLLpart     5.135e-01      3.59e-02      2.67e-02      8.63e-03      1.08e-02     -1.45e-02     -1.80e-03      7.45e-03
   128.5         0    NLO+NNLLpart     5.070e-01      3.53e-02      2.63e-02      8.51e-03      1.07e-02     -1.43e-02     -1.78e-03      7.35e-03
     129         0    NLO+NNLLpart     5.007e-01      3.47e-02      2.60e-02      8.39e-03      1.05e-02     -1.42e-02     -1.75e-03      7.25e-03
   129.5         0    NLO+NNLLpart     4.944e-01      3.41e-02      2.56e-02      8.27e-03      1.04e-02     -1.40e-02     -1.73e-03      7.15e-03
     130         0    NLO+NNLLpart     4.883e-01      3.35e-02      2.53e-02      8.15e-03      1.03e-02     -1.38e-02     -1.70e-03      7.05e-03
     135         0    NLO+NNLLpart     4.315e-01      2.82e-02      2.22e-02      7.06e-03      1.08e-02     -1.02e-02     -1.47e-03      6.17e-03
     140         0    NLO+NNLLpart     3.827e-01      2.38e-02      1.95e-02      6.12e-03      9.87e-03     -8.87e-03     -1.28e-03      5.42e-03
     145         0    NLO+NNLLpart     3.405e-01      2.01e-02      1.72e-02      5.35e-03      9.02e-03     -8.03e-03     -1.11e-03      4.77e-03
     150         0    NLO+NNLLpart     3.038e-01      1.71e-02      1.52e-02      4.74e-03      7.98e-03     -7.36e-03     -9.66e-04      4.21e-03
     160         0    NLO+NNLLpart     2.440e-01      1.25e-02      1.20e-02      3.76e-03      5.97e-03     -6.21e-03     -7.35e-04      3.31e-03
     170         0    NLO+NNLLpart     1.979e-01      9.19e-03      9.57e-03      3.01e-03      4.48e-03     -5.27e-03     -5.62e-04      2.63e-03
     180         0    NLO+NNLLpart     1.621e-01      6.86e-03      7.74e-03      2.43e-03      3.67e-03     -4.16e-03     -4.31e-04      2.10e-03
     190         0    NLO+NNLLpart     1.338e-01      5.17e-03      6.33e-03      1.97e-03      2.76e-03     -3.26e-03     -3.32e-04      1.70e-03
     200         0    NLO+NNLLpart     1.114e-01      3.94e-03      5.23e-03      1.60e-03      2.28e-03     -2.76e-03     -2.55e-04      1.38e-03
     210         0    NLO+NNLLpart     9.331e-02      3.03e-03      4.37e-03      1.31e-03      2.41e-03     -2.32e-03     -1.96e-04      1.13e-03
     220         0    NLO+NNLLpart     7.869e-02      2.42e-03      3.67e-03      1.07e-03      2.00e-03     -2.02e-03     -1.50e-04      9.27e-04
     230         0    NLO+NNLLpart     6.675e-02      2.04e-03      3.11e-03      8.77e-04      1.64e-03     -1.69e-03     -1.14e-04      7.66e-04
     240         0    NLO+NNLLpart     5.693e-02      1.73e-03      2.66e-03      7.24e-04      1.44e-03     -1.36e-03     -8.62e-05      6.36e-04
     250         0    NLO+NNLLpart     4.881e-02      1.48e-03      2.28e-03      6.01e-04      1.19e-03     -1.27e-03     -6.41e-05      5.31e-04
     260         0    NLO+NNLLpart     4.204e-02      1.26e-03      1.96e-03      5.01e-04      1.20e-03     -8.94e-04     -4.67e-05      4.45e-04
     270         0    NLO+NNLLpart     3.636e-02      1.10e-03      1.70e-03      4.20e-04      9.31e-04     -9.58e-04     -3.29e-05      3.74e-04
     280         0    NLO+NNLLpart     3.158e-02      9.68e-04      1.48e-03      3.55e-04      8.93e-04     -8.19e-04     -2.20e-05      3.15e-04
     290         0    NLO+NNLLpart     2.754e-02      8.56e-04      1.29e-03      3.02e-04      7.51e-04     -7.44e-04     -1.33e-05      2.67e-04
     300         0    NLO+NNLLpart     2.409e-02      7.58e-04      1.13e-03      2.58e-04      6.60e-04     -7.08e-04     -6.49e-06      2.26e-04
     310         0    NLO+NNLLpart     2.115e-02      6.74e-04      9.94e-04      2.22e-04      5.64e-04     -6.35e-04     -1.09e-06      1.92e-04
     320         0    NLO+NNLLpart     1.863e-02      5.99e-04      8.76e-04      1.92e-04      4.19e-04     -5.84e-04      3.17e-06      1.64e-04
     330         0    NLO+NNLLpart     1.645e-02      5.35e-04      7.74e-04      1.68e-04      3.92e-04     -5.14e-04      6.48e-06      1.40e-04
     340         0    NLO+NNLLpart     1.457e-02      4.78e-04      6.86e-04      1.47e-04      3.47e-04     -4.70e-04      9.04e-06      1.20e-04
     350         0    NLO+NNLLpart     1.294e-02      4.28e-04      6.10e-04      1.30e-04      2.96e-04     -4.25e-04      1.10e-05      1.02e-04
     360         0    NLO+NNLLpart     1.152e-02      3.83e-04      5.43e-04      1.15e-04      2.68e-04     -3.81e-04      1.24e-05      8.77e-05
     370         0    NLO+NNLLpart     1.028e-02      3.45e-04      4.85e-04      1.02e-04      2.35e-04     -3.46e-04      1.35e-05      7.53e-05
     380         0    NLO+NNLLpart     9.200e-03      3.10e-04      4.34e-04      9.08e-05      2.43e-04     -3.07e-04      1.42e-05      6.47e-05
     390         0    NLO+NNLLpart     8.249e-03      2.80e-04      3.89e-04      8.12e-05      2.23e-04     -2.73e-04      1.47e-05      5.56e-05
     400         0    NLO+NNLLpart     7.412e-03      2.53e-04      3.49e-04      7.29e-05      2.19e-04     -2.43e-04      1.49e-05      4.78e-05
     410         0    NLO+NNLLpart     6.673e-03      2.29e-04      3.15e-04      6.55e-05      2.01e-04     -2.17e-04      1.50e-05      4.11e-05
     420         0    NLO+NNLLpart     6.019e-03      2.08e-04      2.84e-04      5.91e-05      1.78e-04     -2.00e-04      1.50e-05      3.53e-05
     430         0    NLO+NNLLpart     5.439e-03      1.89e-04      2.57e-04      5.34e-05      1.47e-04     -1.87e-04      1.48e-05      3.04e-05
     440         0    NLO+NNLLpart     4.924e-03      1.72e-04      2.32e-04      4.83e-05      1.45e-04     -1.75e-04      1.46e-05      2.61e-05
     450         0    NLO+NNLLpart     4.465e-03      1.56e-04      2.11e-04      4.38e-05      1.36e-04     -1.60e-04      1.43e-05      2.24e-05
     460         0    NLO+NNLLpart     4.055e-03      1.43e-04      1.92e-04      3.98e-05      1.32e-04     -1.45e-04      1.40e-05      1.92e-05
     470         0    NLO+NNLLpart     3.689e-03      1.30e-04      1.74e-04      3.62e-05      1.29e-04     -1.32e-04      1.36e-05      1.64e-05
     480         0    NLO+NNLLpart     3.361e-03      1.19e-04      1.59e-04      3.30e-05      1.25e-04     -1.20e-04      1.32e-05      1.40e-05
     490         0    NLO+NNLLpart     3.066e-03      1.09e-04      1.45e-04      3.00e-05      1.22e-04     -1.09e-04      1.28e-05      1.20e-05
     500         0    NLO+NNLLpart     2.801e-03      1.00e-04      1.33e-04      2.74e-05      1.09e-04     -1.03e-04      1.24e-05      1.01e-05
     550         0    NLO+NNLLpart     1.816e-03      6.65e-05      8.67e-05      1.76e-05      7.98e-05     -6.98e-05      1.03e-05      4.08e-06
     600         0    NLO+NNLLpart     1.211e-03      4.53e-05      5.83e-05      1.15e-05      6.39e-05     -4.61e-05      8.39e-06      1.08e-06
     650         0    NLO+NNLLpart     8.273e-04      3.16e-05      4.02e-05      7.73e-06      5.76e-05     -2.91e-05      6.80e-06     -3.65e-07
     700         0    NLO+NNLLpart     5.770e-04      2.25e-05      2.83e-05      5.28e-06      3.54e-05     -2.27e-05      5.50e-06     -1.02e-06
     750         0    NLO+NNLLpart     4.098e-04      1.62e-05      2.03e-05      3.67e-06      3.07e-05     -1.67e-05      4.46e-06     -1.25e-06
     800         0    NLO+NNLLpart     2.957e-04      1.19e-05      1.48e-05      2.60e-06      2.28e-05     -1.36e-05      3.62e-06     -1.28e-06
     850         0    NLO+NNLLpart     2.163e-04      8.84e-06      1.09e-05      1.86e-06      1.96e-05     -1.04e-05      2.95e-06     -1.21e-06
     900         0    NLO+NNLLpart     1.603e-04      6.82e-06      8.14e-06      1.36e-06      1.57e-05     -7.71e-06      2.41e-06     -1.10e-06
     950         0    NLO+NNLLpart     1.201e-04      5.47e-06      6.15e-06      9.99e-07      1.24e-05     -5.99e-06      1.98e-06     -9.75e-07
    1000         0    NLO+NNLLpart     9.092e-05      4.41e-06      4.69e-06      7.44e-07      9.91e-06     -4.81e-06      1.64e-06     -8.52e-07
    1050         0    NLO+NNLLpart     6.946e-05      3.58e-06      3.61e-06      5.59e-07      7.98e-06     -3.90e-06      1.36e-06     -7.38e-07
    1100         0    NLO+NNLLpart     5.352e-05      2.91e-06      2.80e-06      4.24e-07      6.85e-06     -3.13e-06      1.13e-06     -6.36e-07
    1150         0    NLO+NNLLpart     4.155e-05      2.38e-06      2.19e-06      3.24e-07      5.49e-06     -2.63e-06      9.45e-07     -5.46e-07
    1200         0    NLO+NNLLpart     3.250e-05      1.96e-06      1.73e-06      2.50e-07      4.35e-06     -2.21e-06      7.93e-07     -4.68e-07
    1250         0    NLO+NNLLpart     2.559e-05      1.62e-06      1.37e-06      1.94e-07      3.58e-06     -1.86e-06      6.67e-07     -4.01e-07
    1300         0    NLO+NNLLpart     2.028e-05      1.35e-06      1.10e-06      1.51e-07      2.99e-06     -1.56e-06      5.63e-07     -3.43e-07
    1350         0    NLO+NNLLpart     1.616e-05      1.13e-06      9.21e-07      1.19e-07      2.38e-06     -1.32e-06      4.77e-07     -2.93e-07
    1400         0    NLO+NNLLpart     1.295e-05      9.45e-07      7.80e-07      9.36e-08      2.00e-06     -1.11e-06      4.05e-07     -2.51e-07
    1450         0    NLO+NNLLpart     1.042e-05      7.96e-07      6.62e-07      7.43e-08      1.70e-06     -9.43e-07      3.45e-07     -2.15e-07
    1500         0    NLO+NNLLpart     8.429e-06      6.72e-07      5.64e-07      5.92e-08      1.49e-06     -7.79e-07      2.95e-07     -1.84e-07
    1550         0    NLO+NNLLpart     6.844e-06      5.70e-07      4.81e-07      4.78e-08      1.23e-06     -6.66e-07      2.53e-07     -1.58e-07
    1600         0    NLO+NNLLpart     5.579e-06      4.84e-07      4.12e-07      3.92e-08      1.05e-06     -5.71e-07      2.17e-07     -1.36e-07
    1650         0    NLO+NNLLpart     4.564e-06      4.12e-07      3.53e-07      3.22e-08      8.73e-07     -4.84e-07      1.87e-07     -1.17e-07
    1700         0    NLO+NNLLpart     3.747e-06      3.52e-07      3.03e-07      2.66e-08      7.28e-07     -4.15e-07      1.61e-07     -1.01e-07
    1750         0    NLO+NNLLpart     3.086e-06      3.01e-07      2.61e-07      2.20e-08      5.83e-07     -3.65e-07      1.39e-07     -8.74e-08
    1800         0    NLO+NNLLpart     2.550e-06      2.58e-07      2.25e-07      1.82e-08      5.02e-07     -3.16e-07      1.21e-07     -7.56e-08
    1850         0    NLO+NNLLpart     2.113e-06      2.21e-07      1.94e-07      1.51e-08      4.11e-07     -2.82e-07      1.05e-07     -6.55e-08
    1900         0    NLO+NNLLpart     1.756e-06      1.90e-07      1.67e-07      1.26e-08      3.55e-07     -2.37e-07      9.12e-08     -5.68e-08
    1950         0    NLO+NNLLpart     1.464e-06      1.63e-07      1.44e-07      1.04e-08      2.70e-07     -2.18e-07      7.95e-08     -4.93e-08
    2000         0    NLO+NNLLpart     1.224e-06      1.40e-07      1.24e-07      8.69e-09      2.29e-07     -1.88e-07      6.94e-08     -4.28e-08
    2050         0    NLO+NNLLpart     1.026e-06      1.20e-07      1.07e-07      7.23e-09      1.94e-07     -1.61e-07      6.06e-08     -3.73e-08
    2100         0    NLO+NNLLpart     8.626e-07      1.04e-07      9.26e-08      6.02e-09      1.34e-07     -1.48e-07      5.31e-08     -3.25e-08
    2150         0    NLO+NNLLpart     7.266e-07      8.93e-08      8.00e-08      5.01e-09      1.18e-07     -1.30e-07      4.65e-08     -2.83e-08
    2200         0    NLO+NNLLpart     6.135e-07      7.70e-08      6.92e-08      4.17e-09      1.04e-07     -1.15e-07      4.08e-08     -2.47e-08
    2250         0    NLO+NNLLpart     5.190e-07      6.65e-08      6.00e-08      3.47e-09      9.14e-08     -9.57e-08      3.59e-08     -2.16e-08
    2300         0    NLO+NNLLpart     4.399e-07      5.75e-08      5.20e-08      2.89e-09      7.95e-08     -8.90e-08      3.16e-08     -1.89e-08
    2350         0    NLO+NNLLpart     3.735e-07      4.98e-08      4.52e-08      2.41e-09      7.04e-08     -7.84e-08      2.78e-08     -1.66e-08
    2400         0    NLO+NNLLpart     3.176e-07      4.32e-08      3.93e-08      2.05e-09      6.23e-08     -6.91e-08      2.45e-08     -1.45e-08
    2450         0    NLO+NNLLpart     2.706e-07      3.76e-08      3.43e-08      1.76e-09      5.48e-08     -6.09e-08      2.17e-08     -1.27e-08
    2500         0    NLO+NNLLpart     2.308e-07      3.28e-08      3.00e-08      1.52e-09      4.77e-08     -5.38e-08      1.91e-08     -1.12e-08
    2550         0    NLO+NNLLpart     1.971e-07      2.87e-08      2.63e-08      1.31e-09      4.24e-08     -4.75e-08      1.69e-08     -9.82e-09
    2600         0    NLO+NNLLpart     1.685e-07      2.52e-08      2.31e-08      1.13e-09      3.26e-08     -4.31e-08      1.50e-08     -8.64e-09
    2650         0    NLO+NNLLpart     1.442e-07      2.22e-08      2.04e-08      9.76e-10      2.72e-08     -3.87e-08      1.33e-08     -7.60e-09
    2700         0    NLO+NNLLpart     1.236e-07      1.96e-08      1.81e-08      8.43e-10      2.51e-08     -3.32e-08      1.18e-08     -6.70e-09
    2750         0    NLO+NNLLpart     1.059e-07      1.75e-08      1.61e-08      7.27e-10      2.19e-08     -2.92e-08      1.05e-08     -5.91e-09
    2800         0    NLO+NNLLpart     9.085e-08      1.56e-08      1.45e-08      6.25e-10      1.94e-08     -2.57e-08      9.33e-09     -5.22e-09
    2850         0    NLO+NNLLpart     7.796e-08      1.41e-08      1.31e-08      5.37e-10      1.71e-08     -2.26e-08      8.30e-09     -4.62e-09
    2900         0    NLO+NNLLpart     6.691e-08      1.27e-08      1.19e-08      4.59e-10      1.51e-08     -1.95e-08      7.40e-09     -4.09e-09
    2950         0    NLO+NNLLpart     5.743e-08      1.16e-08      1.08e-08      3.89e-10      1.33e-08     -1.71e-08      6.60e-09     -3.62e-09
    3000         0    NLO+NNLLpart     4.928e-08      1.07e-08      9.98e-09      3.53e-10      1.18e-08     -1.51e-08      5.89e-09     -3.22e-09
